#NUMBER OF AGES= 1 MAGS= 6
#----------------------------------------------------       
#MIX-LEN  Y      Z          Zeff        [Fe/H] [a/Fe]
# 1.9380  0.2480 1.8352E-03 9.3416E-04  -1.25   0.40 
#----------------------------------------------------       
#**PHOTOMETRIC SYSTEM**: DECam (AB)
#----------------------------------------------------       
#AGE= 6.500 EEPS=270
#EEP   M/Mo    LogTeff  LogG   LogL/Lo DECam_u DECam_g DECam_r DECam_i DECam_z DECam_Y
  10  0.112801  3.5251  5.3081 -2.7641 16.2640 14.0564 12.5587 11.5141 11.1141 11.0013
  11  0.126193  3.5295  5.2518 -2.6414 15.8620 13.6752 12.1887 11.2016 10.8134 10.7011
  12  0.143576  3.5350  5.1947 -2.5064 15.4118 13.2516 11.7795 10.8571 10.4828 10.3714
  13  0.168110  3.5431  5.1443 -2.3556 14.8872 12.7591 11.3081 10.4687 10.1142 10.0051
  14  0.194557  3.5512  5.1058 -2.2211 14.4110 12.3165 10.8891 10.1223  9.7862  9.6805
  15  0.216060  3.5565  5.0771 -2.1254 14.0819 12.0111 10.6006  9.8770  9.5526  9.4491
  16  0.234407  3.5603  5.0542 -2.0518 13.8347 11.7815 10.3838  9.6892  9.3729  9.2710
  17  0.251258  3.5633  5.0353 -1.9906 13.6313 11.5924 10.2052  9.5331  9.2231  9.1227
  18  0.268036  3.5659  5.0190 -1.9355 13.4501 11.4230 10.0452  9.3927  9.0885  8.9894
  19  0.283285  3.5682  5.0051 -1.8887 13.2972 11.2800  9.9103  9.2735  8.9740  8.8761
  20  0.295113  3.5699  4.9938 -1.8529 13.1816 11.1714  9.8078  9.1827  8.8867  8.7896
  21  0.303766  3.5711  4.9849 -1.8267 13.0978 11.0924  9.7332  9.1162  8.8228  8.7263
  22  0.310306  3.5719  4.9781 -1.8072 13.0356 11.0338  9.6780  9.0667  8.7751  8.6790
  23  0.315415  3.5726  4.9728 -1.7923 12.9881 10.9891  9.6358  9.0288  8.7385  8.6427
  24  0.319518  3.5731  4.9685 -1.7803 12.9500 10.9532  9.6020  8.9984  8.7092  8.6136
  25  0.323225  3.5736  4.9649 -1.7696 12.9162 10.9213  9.5719  8.9716  8.6834  8.5881
  26  0.327071  3.5741  4.9614 -1.7590 12.8819 10.8890  9.5413  8.9446  8.6575  8.5625
  27  0.331705  3.5747  4.9577 -1.7468 12.8422 10.8515  9.5061  8.9134  8.6277  8.5330
  28  0.333998  3.5747  4.9570 -1.7422 12.8266 10.8406  9.4961  8.9029  8.6167  8.5217
  29  0.366775  3.5812  4.9246 -1.6449 12.5036 10.5287  9.1999  8.6545  8.3839  8.2925
  30  0.380969  3.5843  4.9096 -1.6019 12.3567 10.3903  9.0716  8.5450  8.2811  8.1913
  31  0.417960  3.5917  4.8683 -1.4888 11.9518 10.0286  8.7532  8.2579  8.0071  7.9209
  32  0.432154  3.5957  4.8492 -1.4396 11.7718  9.8652  8.6102  8.1326  7.8892  7.8049
  33  0.444323  3.5995  4.8328 -1.3960 11.6116  9.7183  8.4816  8.0214  7.7853  7.7028
  34  0.457002  3.6038  4.8161 -1.3495 11.4374  9.5593  8.3449  7.9029  7.6748  7.5944
  35  0.470620  3.6091  4.7988 -1.2985 11.2420  9.3818  8.1956  7.7729  7.5538  7.4758
  36  0.483751  3.6148  4.7829 -1.2480 11.0440  9.2020  8.0486  7.6443  7.4343  7.3590
  37  0.495479  3.6203  4.7698 -1.2022 10.8587  9.0336  7.9146  7.5278  7.3267  7.2540
  38  0.505628  3.6255  4.7595 -1.1622 10.6916  8.8821  7.7973  7.4261  7.2334  7.1630
  39  0.514465  3.6304  4.7514 -1.1271 10.5397  8.7460  7.6941  7.3369  7.1518  7.0838
  40  0.522966  3.6354  4.7445 -1.0929 10.3877  8.6112  7.5932  7.2504  7.0731  7.0075
  41  0.532145  3.6411  4.7380 -1.0562 10.2193  8.4639  7.4839  7.1571  6.9887  6.9255
  42  0.542837  3.6480  4.7314 -1.0135 10.0170  8.2909  7.3568  7.0489  6.8909  6.8310
  43  0.554975  3.6561  4.7252 -0.9651  9.7716  8.0916  7.2120  6.9257  6.7797  6.7238
  44  0.568549  3.6654  4.7189 -0.9112  9.4810  7.8711  7.0522  6.7882  6.6554  6.6044
  45  0.582888  3.6752  4.7126 -0.8550  9.1703  7.6466  6.8877  6.6450  6.5253  6.4796
  46  0.597532  3.6849  4.7057 -0.7985  8.8588  7.4303  6.7261  6.5019  6.3948  6.3545
  47  0.612199  3.6943  4.6984 -0.7428  8.5493  7.2249  6.5703  6.3628  6.2673  6.2325
  48  0.626742  3.7034  4.6905 -0.6884  8.2544  7.0317  6.4213  6.2289  6.1445  6.1148
  49  0.640949  3.7120  4.6823 -0.6358  7.9979  6.8536  6.2796  6.1015  6.0273  6.0023
  50  0.654497  3.7200  4.6736 -0.5864  7.7748  6.6922  6.1484  5.9830  5.9180  5.8971
  51  0.667105  3.7270  4.6648 -0.5410  7.5723  6.5477  6.0303  5.8759  5.8187  5.8014
  52  0.672716  3.7301  4.6606 -0.5210  7.4829  6.4848  5.9788  5.8290  5.7752  5.7596
  53  0.678257  3.7330  4.6564 -0.5013  7.3961  6.4236  5.9286  5.7832  5.7327  5.7185
  54  0.683732  3.7359  4.6520 -0.4819  7.3117  6.3640  5.8795  5.7384  5.6910  5.6783
  55  0.689145  3.7388  4.6476 -0.4628  7.2299  6.3058  5.8315  5.6944  5.6500  5.6388
  56  0.694512  3.7415  4.6430 -0.4438  7.1510  6.2487  5.7843  5.6511  5.6096  5.5997
  57  0.699846  3.7442  4.6383 -0.4251  7.0740  6.1925  5.7376  5.6084  5.5696  5.5610
  58  0.705152  3.7468  4.6335 -0.4064  6.9988  6.1372  5.6916  5.5661  5.5300  5.5227
  59  0.710432  3.7494  4.6283 -0.3879  6.9253  6.0827  5.6459  5.5241  5.4906  5.4845
  60  0.715695  3.7518  4.6230 -0.3694  6.8532  6.0286  5.6006  5.4823  5.4513  5.4465
  61  0.720924  3.7543  4.6175 -0.3511  6.7828  5.9754  5.5556  5.4408  5.4123  5.4085
  62  0.726110  3.7566  4.6118 -0.3328  6.7143  5.9230  5.5111  5.3995  5.3732  5.3705
  63  0.731258  3.7589  4.6058 -0.3147  6.6472  5.8712  5.4669  5.3585  5.3345  5.3328
  64  0.736347  3.7611  4.5997 -0.2968  6.5817  5.8203  5.4233  5.3179  5.2961  5.2955
  65  0.741376  3.7633  4.5936 -0.2790  6.5178  5.7702  5.3803  5.2780  5.2581  5.2585
  66  0.746351  3.7654  4.5874 -0.2615  6.4554  5.7209  5.3380  5.2386  5.2207  5.2220
  67  0.751270  3.7674  4.5811 -0.2442  6.3944  5.6726  5.2963  5.1997  5.1837  5.1860
  68  0.756146  3.7694  4.5748 -0.2272  6.3347  5.6249  5.2553  5.1614  5.1474  5.1505
  69  0.760979  3.7714  4.5687 -0.2104  6.2757  5.5780  5.2151  5.1240  5.1117  5.1157
  70  0.765772  3.7733  4.5624 -0.1937  6.2179  5.5318  5.1756  5.0872  5.0766  5.0815
  71  0.770535  3.7752  4.5563 -0.1773  6.1613  5.4863  5.1365  5.0508  5.0420  5.0477
  72  0.775267  3.7771  4.5503 -0.1611  6.1059  5.4415  5.0980  5.0149  5.0078  5.0143
  73  0.779963  3.7790  4.5442 -0.1451  6.0516  5.3973  5.0601  4.9796  4.9741  4.9813
  74  0.784625  3.7807  4.5382 -0.1293  5.9984  5.3538  5.0226  4.9446  4.9407  4.9488
  75  0.789246  3.7825  4.5323 -0.1137  5.9464  5.3108  4.9856  4.9101  4.9078  4.9165
  76  0.793800  3.7842  4.5262 -0.0983  5.8956  5.2687  4.9491  4.8760  4.8751  4.8846
  77  0.798276  3.7858  4.5201 -0.0831  5.8463  5.2272  4.9130  4.8423  4.8429  4.8531
  78  0.802670  3.7875  4.5140 -0.0682  5.7984  5.1863  4.8774  4.8090  4.8111  4.8219
  79  0.806969  3.7890  4.5079 -0.0535  5.7516  5.1461  4.8424  4.7764  4.7797  4.7912
  80  0.811165  3.7906  4.5019 -0.0391  5.7058  5.1067  4.8079  4.7442  4.7489  4.7609
  81  0.815258  3.7920  4.4958 -0.0248  5.6610  5.0680  4.7741  4.7125  4.7185  4.7311
  82  0.820155  3.7938  4.4882 -0.0077  5.6071  5.0212  4.7331  4.6742  4.6817  4.6950
  83  0.824930  3.7955  4.4806  0.0092  5.5543  4.9750  4.6927  4.6363  4.6454  4.6593
  84  0.829589  3.7972  4.4730  0.0260  5.5024  4.9295  4.6527  4.5988  4.6094  4.6238
  85  0.834150  3.7988  4.4654  0.0426  5.4513  4.8845  4.6131  4.5617  4.5735  4.5887
  86  0.838620  3.8004  4.4577  0.0591  5.4011  4.8400  4.5737  4.5247  4.5378  4.5537
  87  0.843003  3.8020  4.4500  0.0754  5.3516  4.7961  4.5347  4.4880  4.5024  4.5189
  88  0.847308  3.8036  4.4422  0.0915  5.3023  4.7526  4.4962  4.4517  4.4674  4.4844
  89  0.851553  3.8051  4.4343  0.1076  5.2537  4.7094  4.4578  4.4155  4.4323  4.4499
  90  0.855731  3.8065  4.4263  0.1235  5.2056  4.6667  4.4196  4.3795  4.3975  4.4157
  91  0.859842  3.8080  4.4183  0.1394  5.1581  4.6242  4.3817  4.3437  4.3627  4.3815
  92  0.863890  3.8094  4.4101  0.1551  5.1113  4.5822  4.3441  4.3081  4.3282  4.3475
  93  0.867860  3.8107  4.4019  0.1706  5.0651  4.5407  4.3068  4.2728  4.2939  4.3137
  94  0.871739  3.8119  4.3935  0.1860  5.0197  4.4996  4.2699  4.2377  4.2597  4.2801
  95  0.875528  3.8132  4.3851  0.2011  4.9751  4.4592  4.2333  4.2030  4.2259  4.2467
  96  0.879241  3.8143  4.3766  0.2162  4.9313  4.4193  4.1972  4.1687  4.1923  4.2136
  97  0.882884  3.8154  4.3681  0.2310  4.8883  4.3799  4.1614  4.1346  4.1591  4.1808
  98  0.886456  3.8165  4.3594  0.2457  4.8460  4.3411  4.1261  4.1009  4.1261  4.1483
  99  0.889952  3.8175  4.3508  0.2600  4.8045  4.3029  4.0912  4.0676  4.0935  4.1161
 100  0.893371  3.8185  4.3422  0.2743  4.7637  4.2653  4.0569  4.0348  4.0613  4.0843
 101  0.896727  3.8195  4.3337  0.2883  4.7237  4.2282  4.0230  4.0024  4.0295  4.0529
 102  0.900028  3.8204  4.3252  0.3020  4.6844  4.1916  3.9894  3.9703  3.9980  4.0217
 103  0.903280  3.8213  4.3167  0.3157  4.6456  4.1556  3.9563  3.9386  3.9669  3.9910
 104  0.906491  3.8221  4.3083  0.3292  4.6074  4.1199  3.9235  3.9071  3.9360  3.9604
 105  0.909666  3.8230  4.2997  0.3425  4.5696  4.0845  3.8910  3.8760  3.9053  3.9301
 106  0.912808  3.8238  4.2912  0.3558  4.5324  4.0496  3.8588  3.8451  3.8749  3.9000
 107  0.915921  3.8246  4.2827  0.3689  4.4956  4.0150  3.8269  3.8144  3.8447  3.8701
 108  0.918986  3.8253  4.2742  0.3819  4.4594  3.9809  3.7952  3.7840  3.8147  3.8404
 109  0.922002  3.8260  4.2655  0.3947  4.4237  3.9471  3.7639  3.7538  3.7848  3.8109
 110  0.924938  3.8267  4.2569  0.4074  4.3886  3.9137  3.7328  3.7239  3.7553  3.7816
 111  0.927778  3.8274  4.2483  0.4199  4.3539  3.8807  3.7022  3.6944  3.7261  3.7527
 112  0.929055  3.8277  4.2443  0.4257  4.3379  3.8655  3.6880  3.6808  3.7127  3.7393
 113  0.930333  3.8280  4.2403  0.4315  4.3218  3.8502  3.6737  3.6670  3.6991  3.7259
 114  0.931613  3.8283  4.2363  0.4375  4.3055  3.8347  3.6593  3.6531  3.6853  3.7123
 115  0.932893  3.8286  4.2321  0.4434  4.2891  3.8190  3.6447  3.6390  3.6714  3.6984
 116  0.934173  3.8288  4.2278  0.4494  4.2726  3.8032  3.6299  3.6247  3.6572  3.6843
 117  0.935451  3.8291  4.2234  0.4555  4.2560  3.7873  3.6150  3.6102  3.6429  3.6701
 118  0.936727  3.8294  4.2189  0.4617  4.2392  3.7711  3.5998  3.5955  3.6283  3.6557
 119  0.937999  3.8296  4.2142  0.4679  4.2225  3.7549  3.5844  3.5806  3.6135  3.6409
 120  0.939269  3.8298  4.2094  0.4742  4.2056  3.7385  3.5689  3.5655  3.5984  3.6260
 121  0.940536  3.8301  4.2045  0.4805  4.1886  3.7220  3.5533  3.5502  3.5833  3.6109
 122  0.941800  3.8303  4.1994  0.4869  4.1715  3.7054  3.5374  3.5348  3.5679  3.5956
 123  0.943061  3.8305  4.1943  0.4934  4.1543  3.6887  3.5214  3.5191  3.5522  3.5800
 124  0.944312  3.8306  4.1890  0.4999  4.1371  3.6718  3.5052  3.5032  3.5364  3.5643
 125  0.945560  3.8307  4.1836  0.5065  4.1196  3.6548  3.4888  3.4872  3.5204  3.5484
 126  0.946805  3.8309  4.1781  0.5131  4.1023  3.6377  3.4723  3.4710  3.5042  3.5322
 127  0.948045  3.8310  4.1725  0.5198  4.0848  3.6205  3.4557  3.4546  3.4879  3.5159
 128  0.949280  3.8311  4.1667  0.5265  4.0673  3.6032  3.4389  3.4381  3.4713  3.4994
 129  0.950510  3.8312  4.1609  0.5333  4.0498  3.5858  3.4219  3.4213  3.4545  3.4827
 130  0.951733  3.8313  4.1548  0.5401  4.0322  3.5684  3.4049  3.4044  3.4376  3.4658
 131  0.952949  3.8313  4.1486  0.5470  4.0146  3.5508  3.3876  3.3873  3.4204  3.4486
 132  0.954158  3.8313  4.1423  0.5539  3.9971  3.5332  3.3702  3.3699  3.4030  3.4313
 133  0.955358  3.8312  4.1356  0.5609  3.9795  3.5156  3.3526  3.3524  3.3854  3.4136
 134  0.956549  3.8312  4.1289  0.5679  3.9620  3.4979  3.3349  3.3347  3.3675  3.3957
 135  0.957732  3.8311  4.1219  0.5749  3.9445  3.4801  3.3171  3.3167  3.3494  3.3776
 136  0.958905  3.8309  4.1147  0.5820  3.9271  3.4623  3.2990  3.2986  3.3311  3.3592
 137  0.960070  3.8308  4.1074  0.5892  3.9098  3.4445  3.2808  3.2803  3.3125  3.3406
 138  0.961224  3.8305  4.0999  0.5964  3.8924  3.4265  3.2625  3.2616  3.2938  3.3218
 139  0.962370  3.8303  4.0921  0.6037  3.8751  3.4086  3.2440  3.2429  3.2747  3.3026
 140  0.963505  3.8300  4.0841  0.6110  3.8580  3.3907  3.2254  3.2239  3.2554  3.2832
 141  0.964630  3.8296  4.0759  0.6182  3.8409  3.3728  3.2066  3.2046  3.2359  3.2636
 142  0.965743  3.8292  4.0674  0.6256  3.8240  3.3548  3.1876  3.1852  3.2161  3.2436
 143  0.966844  3.8287  4.0588  0.6330  3.8071  3.3369  3.1686  3.1654  3.1960  3.2234
 144  0.967932  3.8282  4.0498  0.6404  3.7905  3.3190  3.1493  3.1455  3.1757  3.2028
 145  0.969007  3.8277  4.0405  0.6479  3.7741  3.3011  3.1299  3.1253  3.1551  3.1820
 146  0.970069  3.8270  4.0309  0.6554  3.7580  3.2834  3.1103  3.1049  3.1341  3.1608
 147  0.971116  3.8263  4.0209  0.6629  3.7421  3.2657  3.0907  3.0842  3.1129  3.1393
 148  0.972149  3.8255  4.0107  0.6704  3.7266  3.2481  3.0709  3.0632  3.0913  3.1174
 149  0.973165  3.8246  4.0000  0.6779  3.7114  3.2307  3.0509  3.0419  3.0694  3.0952
 150  0.974166  3.8236  3.9889  0.6855  3.6967  3.2134  3.0308  3.0205  3.0471  3.0725
 151  0.975152  3.8225  3.9774  0.6931  3.6825  3.1963  3.0105  2.9986  3.0246  3.0495
 152  0.976122  3.8213  3.9655  0.7007  3.6688  3.1795  2.9901  2.9764  3.0015  3.0260
 153  0.977076  3.8200  3.9530  0.7083  3.6557  3.1629  2.9697  2.9541  2.9782  3.0021
 154  0.978014  3.8185  3.9401  0.7158  3.6432  3.1465  2.9491  2.9314  2.9545  2.9778
 155  0.978938  3.8170  3.9266  0.7234  3.6315  3.1305  2.9285  2.9086  2.9305  2.9532
 156  0.979844  3.8152  3.9125  0.7309  3.6208  3.1149  2.9078  2.8854  2.9060  2.9279
 157  0.980739  3.8133  3.8976  0.7384  3.6112  3.0997  2.8871  2.8619  2.8810  2.9022
 158  0.981622  3.8111  3.8820  0.7459  3.6028  3.0852  2.8663  2.8381  2.8556  2.8758
 159  0.982495  3.8087  3.8654  0.7533  3.5962  3.0716  2.8457  2.8137  2.8294  2.8486
 160  0.983366  3.8060  3.8476  0.7605  3.5916  3.0591  2.8249  2.7890  2.8026  2.8207
 161  0.984220  3.8026  3.8273  0.7675  3.5916  3.0494  2.8048  2.7636  2.7744  2.7912
 162  0.984797  3.7990  3.8090  0.7719  3.5993  3.0466  2.7911  2.7446  2.7525  2.7678
 163  0.985384  3.7956  3.7914  0.7759  3.6093  3.0450  2.7786  2.7269  2.7318  2.7457
 164  0.985983  3.7922  3.7744  0.7794  3.6229  3.0445  2.7667  2.7099  2.7120  2.7244
 165  0.986587  3.7888  3.7584  0.7822  3.6387  3.0456  2.7565  2.6947  2.6939  2.7048
 166  0.987178  3.7851  3.7422  0.7841  3.6590  3.0497  2.7486  2.6815  2.6777  2.6869
 167  0.987752  3.7812  3.7257  0.7851  3.6837  3.0570  2.7431  2.6703  2.6630  2.6705
 168  0.988309  3.7769  3.7082  0.7855  3.7126  3.0674  2.7396  2.6604  2.6494  2.6549
 169  0.988863  3.7721  3.6891  0.7858  3.7463  3.0800  2.7367  2.6503  2.6349  2.6384
 170  0.989421  3.7670  3.6684  0.7867  3.7822  3.0923  2.7320  2.6381  2.6181  2.6193
 171  0.989974  3.7623  3.6478  0.7886  3.8151  3.1014  2.7249  2.6238  2.5993  2.5985
 172  0.990502  3.7580  3.6277  0.7915  3.8436  3.1076  2.7163  2.6085  2.5798  2.5770
 173  0.991007  3.7540  3.6083  0.7951  3.8677  3.1111  2.7061  2.5922  2.5597  2.5551
 174  0.991472  3.7504  3.5898  0.7996  3.8859  3.1109  2.6939  2.5748  2.5388  2.5324
 175  0.991889  3.7474  3.5730  0.8048  3.8984  3.1075  2.6806  2.5569  2.5180  2.5102
 176  0.992276  3.7448  3.5570  0.8105  3.9074  3.1020  2.6662  2.5386  2.4970  2.4880
 177  0.992649  3.7426  3.5418  0.8169  3.9118  3.0936  2.6499  2.5188  2.4749  2.4648
 178  0.993005  3.7408  3.5271  0.8242  3.9113  3.0820  2.6318  2.4978  2.4520  2.4410
 179  0.993330  3.7392  3.5130  0.8324  3.9054  3.0669  2.6115  2.4753  2.4279  2.4161
 180  0.993618  3.7381  3.5003  0.8408  3.8952  3.0499  2.5907  2.4528  2.4043  2.3919
 181  0.993882  3.7372  3.4881  0.8494  3.8827  3.0318  2.5695  2.4303  2.3808  2.3679
 182  0.994274  3.7358  3.4694  0.8627  3.8625  3.0035  2.5368  2.3955  2.3445  2.3310
 183  0.994663  3.7345  3.4508  0.8765  3.8394  2.9732  2.5024  2.3593  2.3070  2.2928
 184  0.995046  3.7335  3.4322  0.8910  3.8135  2.9412  2.4666  2.3219  2.2684  2.2537
 185  0.995427  3.7326  3.4137  0.9060  3.7849  2.9072  2.4297  2.2835  2.2290  2.2138
 186  0.995806  3.7317  3.3952  0.9211  3.7559  2.8731  2.3924  2.2448  2.1892  2.1736
 187  0.996183  3.7308  3.3763  0.9366  3.7259  2.8380  2.3543  2.2053  2.1488  2.1327
 188  0.996559  3.7300  3.3579  0.9522  3.6941  2.8019  2.3157  2.1655  2.1081  2.0916
 189  0.996933  3.7294  3.3393  0.9680  3.6613  2.7652  2.2766  2.1253  2.0671  2.0502
 190  0.997306  3.7287  3.3209  0.9841  3.6276  2.7278  2.2370  2.0846  2.0255  2.0084
 191  0.997677  3.7280  3.3022  1.0002  3.5934  2.6901  2.1969  2.0435  1.9838  1.9662
 192  0.998047  3.7274  3.2835  1.0166  3.5584  2.6517  2.1564  2.0020  1.9415  1.9238
 193  0.998417  3.7268  3.2648  1.0331  3.5226  2.6129  2.1156  1.9602  1.8990  1.8810
 194  0.998784  3.7263  3.2461  1.0498  3.4859  2.5734  2.0743  1.9181  1.8562  1.8379
 195  0.999149  3.7258  3.2273  1.0668  3.4486  2.5333  2.0325  1.8753  1.8127  1.7941
 196  0.999508  3.7252  3.2074  1.0843  3.4110  2.4923  1.9892  1.8310  1.7677  1.7487
 197  0.999857  3.7246  3.1870  1.1026  3.3706  2.4490  1.9440  1.7848  1.7209  1.7016
 198  1.000197  3.7240  3.1659  1.1215  3.3284  2.4042  1.8972  1.7370  1.6724  1.6529
 199  1.000534  3.7234  3.1445  1.1407  3.2855  2.3587  1.8498  1.6886  1.6233  1.6034
 200  1.000859  3.7228  3.1224  1.1605  3.2412  2.3117  1.8007  1.6385  1.5723  1.5522
 201  1.001176  3.7222  3.0996  1.1810  3.1957  2.2634  1.7502  1.5869  1.5200  1.4996
 202  1.001481  3.7215  3.0760  1.2021  3.1487  2.2133  1.6980  1.5335  1.4659  1.4451
 203  1.001776  3.7209  3.0518  1.2239  3.1004  2.1619  1.6443  1.4787  1.4102  1.3891
 204  1.002062  3.7202  3.0270  1.2461  3.0512  2.1094  1.5895  1.4227  1.3533  1.3319
 205  1.002339  3.7194  3.0015  1.2688  3.0017  2.0562  1.5337  1.3657  1.2953  1.2735
 206  1.002608  3.7187  2.9754  1.2917  2.9517  2.0022  1.4771  1.3077  1.2364  1.2142
 207  1.002868  3.7178  2.9487  1.3152  2.9015  1.9476  1.4196  1.2488  1.1764  1.1537
 208  1.003120  3.7170  2.9216  1.3389  2.8507  1.8923  1.3613  1.1890  1.1156  1.0925
 209  1.003363  3.7160  2.8941  1.3630  2.7996  1.8363  1.3022  1.1285  1.0539  1.0303
 210  1.003599  3.7151  2.8661  1.3873  2.7484  1.7799  1.2426  1.0673  0.9916  0.9674
 211  1.003827  3.7141  2.8374  1.4120  2.6981  1.7233  1.1826  1.0053  0.9284  0.9037
 212  1.004046  3.7131  2.8088  1.4368  2.6455  1.6654  1.1214  0.9427  0.8646  0.8394
 213  1.004257  3.7121  2.7796  1.4620  2.5939  1.6075  1.0599  0.8794  0.7999  0.7742
 214  1.004460  3.7110  2.7496  1.4874  2.5441  1.5500  0.9982  0.8157  0.7347  0.7083
 215  1.004656  3.7098  2.7193  1.5130  2.4948  1.4920  0.9357  0.7512  0.6687  0.6417
 216  1.004843  3.7086  2.6890  1.5389  2.4453  1.4331  0.8725  0.6860  0.6022  0.5745
 217  1.004873  3.7084  2.6841  1.5432  2.4370  1.4233  0.8620  0.6753  0.5912  0.5634
 218  1.004904  3.7082  2.6790  1.5475  2.4288  1.4135  0.8515  0.6644  0.5801  0.5522
 219  1.004934  3.7081  2.6739  1.5518  2.4206  1.4037  0.8410  0.6536  0.5690  0.5410
 220  1.004963  3.7078  2.6688  1.5561  2.4124  1.3939  0.8304  0.6426  0.5579  0.5298
 221  1.004993  3.7076  2.6637  1.5605  2.4043  1.3840  0.8198  0.6316  0.5466  0.5184
 222  1.005023  3.7075  2.6585  1.5649  2.3960  1.3741  0.8090  0.6206  0.5353  0.5070
 223  1.005052  3.7072  2.6534  1.5694  2.3877  1.3641  0.7982  0.6094  0.5240  0.4956
 224  1.005082  3.7070  2.6481  1.5738  2.3796  1.3542  0.7874  0.5983  0.5125  0.4840
 225  1.005110  3.7069  2.6429  1.5782  2.3713  1.3441  0.7766  0.5871  0.5011  0.4724
 226  1.005140  3.7067  2.6376  1.5827  2.3631  1.3340  0.7657  0.5758  0.4895  0.4608
 227  1.005418  3.7046  2.5849  1.6275  2.2805  1.2330  0.6565  0.4631  0.3743  0.3444
 228  1.005680  3.7025  2.5304  1.6734  2.1979  1.1303  0.5446  0.3474  0.2559  0.2248
 229  1.005920  3.7001  2.4733  1.7211  2.1165  1.0253  0.4292  0.2275  0.1330  0.1006
 230  1.006129  3.6975  2.4139  1.7702  2.0363  0.9187  0.3108  0.1042  0.0064 -0.0276
 231  1.006326  3.6952  2.3601  1.8146  1.9647  0.8225  0.2036 -0.0075 -0.1084 -0.1436
 232  1.006499  3.6930  2.3122  1.8541  1.8999  0.7368  0.1084 -0.1068 -0.2104 -0.2468
 233  1.006662  3.6910  2.2676  1.8908  1.8387  0.6571  0.0197 -0.1992 -0.3054 -0.3429
 234  1.006817  3.6897  2.2355  1.9178  1.7895  0.5971 -0.0459 -0.2673 -0.3751 -0.4133
 235  1.006967  3.6899  2.2351  1.9189  1.7786  0.5913 -0.0503 -0.2711 -0.3786 -0.4168
 236  1.007129  3.6891  2.2119  1.9391  1.7374  0.5444 -0.1004 -0.3226 -0.4310 -0.4696
 237  1.007284  3.6863  2.1533  1.9864  1.6674  0.4451 -0.2129 -0.4408 -0.5529 -0.5930
 238  1.007426  3.6837  2.0986  2.0308  1.6016  0.3522 -0.3184 -0.5514 -0.6670 -0.7086
 239  1.007556  3.6813  2.0482  2.0716  1.5427  0.2673 -0.4149 -0.6529 -0.7718 -0.8148
 240  1.007672  3.6794  2.0089  2.1034  1.4988  0.2020 -0.4895 -0.7313 -0.8529 -0.8970
 241  1.007785  3.6787  1.9954  2.1142  1.4898  0.1820 -0.5134 -0.7568 -0.8795 -0.9241
 242  1.007899  3.6775  1.9711  2.1339  1.4670  0.1428 -0.5588 -0.8047 -0.9291 -0.9744
 243  1.008008  3.6745  1.9099  2.1828  1.4035  0.0442 -0.6729 -0.9252 -1.0539 -1.1011
 244  1.008105  3.6714  1.8519  2.2288  1.3468 -0.0477 -0.7800 -1.0386 -1.1715 -1.2206
 245  1.008193  3.6685  1.7948  2.2739  1.2931 -0.1369 -0.8845 -1.1493 -1.2865 -1.3374
 246  1.008273  3.6655  1.7380  2.3188  1.2416 -0.2247 -0.9879 -1.2589 -1.4005 -1.4532
 247  1.008344  3.6624  1.6803  2.3644  1.1901 -0.3134 -1.0929 -1.3704 -1.5164 -1.5710
 248  1.008409  3.6595  1.6258  2.4074  1.1451 -0.3956 -1.1912 -1.4749 -1.6251 -1.6816
 249  1.008468  3.6567  1.5746  2.4474  1.1069 -0.4707 -1.2823 -1.5719 -1.7263 -1.7845
 250  1.008521  3.6540  1.5244  2.4866  1.0724 -0.5427 -1.3707 -1.6664 -1.8249 -1.8849
 251  1.008570  3.6512  1.4749  2.5250  1.0404 -0.6123 -1.4571 -1.7589 -1.9216 -1.9834
 252  1.008614  3.6485  1.4270  2.5621  1.0115 -0.6784 -1.5399 -1.8480 -2.0148 -2.0784
 253  1.008655  3.6457  1.3793  2.5989  0.9852 -0.7426 -1.6214 -1.9358 -2.1070 -2.1724
 254  1.008693  3.6431  1.3327  2.6347  0.9624 -0.8036 -1.6999 -2.0209 -2.1965 -2.2637
 255  1.008728  3.6404  1.2867  2.6700  0.9417 -0.8628 -1.7770 -2.1043 -2.2842 -2.3533
 256  1.008760  3.6377  1.2420  2.7041  0.9234 -0.9190 -1.8513 -2.1847 -2.3691 -2.4398
 257  1.008790  3.6351  1.1979  2.7378  0.9066 -0.9736 -1.9242 -2.2638 -2.4525 -2.5251
 258  1.008817  3.6326  1.1550  2.7706  0.8914 -1.0259 -1.9945 -2.3405 -2.5336 -2.6080
 259  1.008843  3.6301  1.1127  2.8028  0.8776 -1.0761 -2.0631 -2.4155 -2.6130 -2.6891
 260  1.008867  3.6276  1.0714  2.8343  0.8656 -1.1241 -2.1294 -2.4882 -2.6903 -2.7682
 261  1.008889  3.6251  1.0307  2.8651  0.8551 -1.1700 -2.1938 -2.5592 -2.7659 -2.8455
 262  1.008910  3.6227  0.9908  2.8952  0.8455 -1.2143 -2.2561 -2.6284 -2.8397 -2.9211
 263  1.008929  3.6203  0.9518  2.9247  0.8367 -1.2569 -2.3172 -2.6961 -2.9117 -2.9949
 264  1.008947  3.6180  0.9137  2.9535  0.8283 -1.2981 -2.3766 -2.7620 -2.9821 -3.0668
 265  1.008964  3.6156  0.8760  2.9818  0.8218 -1.3372 -2.4343 -2.8264 -3.0511 -3.1374
 266  1.008980  3.6133  0.8390  3.0094  0.8158 -1.3748 -2.4901 -2.8893 -3.1185 -3.2064
 267  1.008995  3.6110  0.8027  3.0366  0.8103 -1.4113 -2.5450 -2.9510 -3.1847 -3.2740
 268  1.009009  3.6087  0.7672  3.0632  0.8047 -1.4466 -2.5984 -3.0112 -3.2494 -3.3401
 269  1.009022  3.6065  0.7323  3.0892  0.7996 -1.4802 -2.6501 -3.0701 -3.3127 -3.4048
 270  1.009035  3.6044  0.6984  3.1146  0.7943 -1.5124 -2.6998 -3.1272 -3.3742 -3.4677
 271  1.009047  3.6023  0.6649  3.1396  0.7888 -1.5432 -2.7480 -3.1832 -3.4348 -3.5297
 272  1.009058  3.6002  0.6322  3.1640  0.7834 -1.5723 -2.7940 -3.2377 -3.4940 -3.5902
 273  1.009068  3.5982  0.6002  3.1878  0.7774 -1.6006 -2.8385 -3.2911 -3.5520 -3.6493
 274  1.009078  3.5962  0.5690  3.2110  0.7715 -1.6267 -2.8808 -3.3431 -3.6086 -3.7071
 275  1.009087  3.5942  0.5383  3.2339  0.7655 -1.6508 -2.9207 -3.3938 -3.6643 -3.7639
 276  1.009096  3.5922  0.5083  3.2561  0.7589 -1.6742 -2.9591 -3.4434 -3.7186 -3.8194
 277  1.009104  3.5904  0.4793  3.2776  0.7517 -1.6961 -2.9947 -3.4914 -3.7715 -3.8732
 278  1.009113  3.5886  0.4512  3.2983  0.7448 -1.7153 -3.0263 -3.5371 -3.8223 -3.9250
 279  1.009109  3.5871  0.4278  3.3157  0.7378 -1.7314 -3.0523 -3.5756 -3.8651 -3.9685
