#NUMBER OF AGES= 1 MAGS= 6
#----------------------------------------------------       
#MIX-LEN  Y      Z          Zeff        [Fe/H] [a/Fe]
# 1.9380  0.2456 3.7197E-04 1.8934E-04  -1.96   0.40 
#----------------------------------------------------       
#**PHOTOMETRIC SYSTEM**: DECam (AB)
#----------------------------------------------------       
#AGE=12.700 EEPS=266
#EEP   M/Mo    LogTeff  LogG   LogL/Lo DECam_u DECam_g DECam_r DECam_i DECam_z DECam_Y
  13  0.108679  3.5388  5.3454 -2.7629 16.2516 13.8316 12.2582 11.4573 11.1317 11.0324
  14  0.119706  3.5459  5.2953 -2.6424 15.8040 13.4351 11.8884 11.1564 10.8423 10.7430
  15  0.132333  3.5532  5.2460 -2.5201 15.3479 13.0350 11.5190 10.8491 10.5465 10.4482
  16  0.146210  3.5602  5.2029 -2.4057 14.9189 12.6625 11.1796 10.5606 10.2686 10.1718
  17  0.160167  3.5663  5.1701 -2.3089 14.5540 12.3483 10.8971 10.3158 10.0329  9.9379
  18  0.173122  3.5713  5.1447 -2.2298 14.2552 12.0921 10.6695 10.1152  9.8397  9.7463
  19  0.185316  3.5754  5.1233 -2.1623 14.0024 11.8757 10.4783  9.9443  9.6747  9.5827
  20  0.197451  3.5790  5.1035 -2.1007 13.7744 11.6811 10.3066  9.7884  9.5240  9.4333
  21  0.210357  3.5823  5.0841 -2.0406 13.5551 11.4938 10.1416  9.6370  9.3772  9.2877
  22  0.224718  3.5855  5.0650 -1.9800 13.3351 11.3062  9.9763  9.4842  9.2288  9.1405
  23  0.240598  3.5887  5.0464 -1.9190 13.1141 11.1184  9.8115  9.3307  9.0798  8.9927
  24  0.258174  3.5919  5.0285 -1.8575 12.8892 10.9291  9.6463  9.1763  8.9296  8.8438
  25  0.279046  3.5954  5.0103 -1.7917 12.6460 10.7262  9.4702  9.0109  8.7690  8.6843
  26  0.296305  3.5980  4.9968 -1.7417 12.4617 10.5725  9.3371  8.8855  8.6471  8.5635
  27  0.307123  3.5995  4.9893 -1.7126 12.3542 10.4827  9.2594  8.8121  8.5758  8.4928
  28  0.314289  3.6005  4.9851 -1.6945 12.2882 10.4272  9.2114  8.7667  8.5316  8.4490
  29  0.319262  3.6012  4.9822 -1.6822 12.2430 10.3893  9.1787  8.7358  8.5016  8.4192
  30  0.323117  3.6017  4.9806 -1.6732 12.2092 10.3612  9.1546  8.7132  8.4797  8.3976
  31  0.326502  3.6022  4.9787 -1.6648 12.1779 10.3348  9.1321  8.6920  8.4592  8.3773
  32  0.329574  3.6027  4.9765 -1.6566 12.1474 10.3093  9.1101  8.6713  8.4391  8.3574
  33  0.333765  3.6033  4.9742 -1.6465 12.1094 10.2774  9.0828  8.6457  8.4143  8.3329
  34  0.337450  3.6037  4.9709 -1.6363 12.0728 10.2464  9.0560  8.6202  8.3895  8.3084
  35  0.342450  3.6045  4.9669 -1.6231 12.0247 10.2058  9.0208  8.5869  8.3571  8.2763
  36  0.347543  3.6051  4.9620 -1.6090 11.9742 10.1632  8.9839  8.5514  8.3225  8.2420
  37  0.355649  3.6064  4.9538 -1.5860 11.8913 10.0927  8.9230  8.4934  8.2661  8.1862
  38  0.371780  3.6093  4.9371 -1.5383 11.7130  9.9419  8.7943  8.3726  8.1496  8.0711
  39  0.391254  3.6138  4.9157 -1.4767 11.4738  9.7412  8.6265  8.2163  7.9996  7.9234
  40  0.411081  3.6190  4.8922 -1.4108 11.2162  9.5233  8.4453  8.0486  7.8394  7.7659
  41  0.430635  3.6251  4.8668 -1.3411 10.9432  9.2900  8.2525  7.8709  7.6706  7.6002
  42  0.447058  3.6310  4.8453 -1.2797 10.6986  9.0802  8.0809  7.7143  7.5228  7.4556
  43  0.459272  3.6359  4.8297 -1.2323 10.5019  8.9131  7.9466  7.5933  7.4095  7.3450
  44  0.469208  3.6406  4.8170 -1.1918 10.3274  8.7675  7.8314  7.4902  7.3137  7.2516
  45  0.478089  3.6451  4.8062 -1.1547 10.1624  8.6325  7.7252  7.3958  7.2261  7.1664
  46  0.486345  3.6496  4.7966 -1.1197 10.0028  8.5044  7.6250  7.3069  7.1438  7.0865
  47  0.494253  3.6540  4.7877 -1.0861  9.8465  8.3805  7.5286  7.2215  7.0651  7.0103
  48  0.501946  3.6586  4.7796 -1.0533  9.6921  8.2599  7.4349  7.1387  6.9889  6.9365
  49  0.509322  3.6631  4.7721 -1.0217  9.5396  8.1430  7.3443  7.0588  6.9157  6.8657
  50  0.516322  3.6676  4.7656 -0.9912  9.3889  8.0299  7.2569  6.9818  6.8452  6.7978
  51  0.523313  3.6723  4.7594 -0.9603  9.2352  7.9165  7.1691  6.9043  6.7743  6.7295
  52  0.527378  3.6750  4.7557 -0.9422  9.1453  7.8511  7.1182  6.8591  6.7329  6.6897
  53  0.531470  3.6778  4.7522 -0.9240  9.0548  7.7859  7.0670  6.8137  6.6912  6.6495
  54  0.535616  3.6807  4.7486 -0.9056  8.9629  7.7202  7.0154  6.7676  6.6490  6.6089
  55  0.539840  3.6836  4.7450 -0.8869  8.8699  7.6542  6.9632  6.7210  6.6062  6.5677
  56  0.544161  3.6866  4.7412 -0.8676  8.7756  7.5874  6.9102  6.6735  6.5626  6.5257
  57  0.548587  3.6896  4.7372 -0.8480  8.6809  7.5199  6.8563  6.6252  6.5180  6.4829
  58  0.553105  3.6928  4.7331 -0.8281  8.5863  7.4517  6.8016  6.5761  6.4728  6.4393
  59  0.557674  3.6958  4.7291 -0.8077  8.4920  7.3832  6.7464  6.5266  6.4272  6.3954
  60  0.562263  3.6991  4.7249 -0.7874  8.3967  7.3146  6.6913  6.4773  6.3817  6.3517
  61  0.566850  3.7023  4.7207 -0.7670  8.3014  7.2465  6.6365  6.4282  6.3365  6.3083
  62  0.571407  3.7055  4.7165 -0.7466  8.2071  7.1792  6.5823  6.3795  6.2918  6.2653
  63  0.575931  3.7086  4.7123 -0.7264  8.1150  7.1134  6.5289  6.3315  6.2475  6.2226
  64  0.580401  3.7116  4.7080 -0.7064  8.0254  7.0492  6.4765  6.2841  6.2038  6.1805
  65  0.584806  3.7146  4.7036 -0.6868  7.9384  6.9865  6.4252  6.2378  6.1608  6.1391
  66  0.589143  3.7175  4.6991 -0.6673  7.8543  6.9253  6.3751  6.1923  6.1186  6.0985
  67  0.593402  3.7203  4.6945 -0.6483  7.7730  6.8658  6.3261  6.1478  6.0774  6.0586
  68  0.597587  3.7231  4.6898 -0.6295  7.6945  6.8077  6.2781  6.1043  6.0370  6.0196
  69  0.601691  3.7258  4.6851 -0.6111  7.6185  6.7512  6.2315  6.0618  5.9974  5.9813
  70  0.605719  3.7285  4.6804 -0.5930  7.5448  6.6960  6.1856  6.0201  5.9586  5.9439
  71  0.609678  3.7310  4.6754 -0.5752  7.4734  6.6419  6.1408  5.9792  5.9205  5.9069
  72  0.613570  3.7335  4.6704 -0.5575  7.4042  6.5892  6.0969  5.9391  5.8830  5.8707
  73  0.617390  3.7359  4.6655 -0.5402  7.3370  6.5375  6.0537  5.8997  5.8461  5.8350
  74  0.621142  3.7382  4.6604 -0.5231  7.2719  6.4869  6.0114  5.8609  5.8100  5.7999
  75  0.624828  3.7405  4.6553 -0.5063  7.2085  6.4373  5.9698  5.8229  5.7743  5.7653
  76  0.628455  3.7427  4.6500 -0.4897  7.1469  6.3887  5.9289  5.7854  5.7392  5.7312
  77  0.632013  3.7448  4.6448 -0.4734  7.0870  6.3410  5.8887  5.7485  5.7045  5.6974
  78  0.635512  3.7469  4.6394 -0.4573  7.0285  6.2941  5.8491  5.7122  5.6705  5.6644
  79  0.638949  3.7490  4.6340 -0.4414  6.9711  6.2478  5.8103  5.6768  5.6371  5.6320
  80  0.642329  3.7510  4.6286 -0.4257  6.9150  6.2022  5.7722  5.6419  5.6045  5.6002
  81  0.645641  3.7529  4.6231 -0.4102  6.8602  6.1574  5.7347  5.6077  5.5723  5.5689
  82  0.650393  3.7557  4.6151 -0.3878  6.7824  6.0933  5.6807  5.5582  5.5257  5.5236
  83  0.655125  3.7584  4.6066 -0.3655  6.7060  6.0298  5.6266  5.5083  5.4786  5.4775
  84  0.659828  3.7611  4.5979 -0.3430  6.6307  5.9667  5.5723  5.4580  5.4310  5.4310
  85  0.664494  3.7636  4.5889 -0.3207  6.5564  5.9039  5.5180  5.4076  5.3832  5.3843
  86  0.669117  3.7662  4.5797 -0.2981  6.4831  5.8413  5.4637  5.3571  5.3353  5.3374
  87  0.673690  3.7687  4.5702 -0.2757  6.4109  5.7790  5.4096  5.3068  5.2874  5.2906
  88  0.678205  3.7712  4.5606 -0.2533  6.3394  5.7171  5.3557  5.2565  5.2396  5.2438
  89  0.682654  3.7736  4.5508 -0.2310  6.2687  5.6556  5.3020  5.2064  5.1920  5.1971
  90  0.687030  3.7759  4.5410 -0.2088  6.1990  5.5944  5.2486  5.1565  5.1445  5.1506
  91  0.691326  3.7783  4.5311 -0.1867  6.1301  5.5337  5.1955  5.1070  5.0974  5.1044
  92  0.695532  3.7807  4.5210 -0.1647  6.0620  5.4736  5.1428  5.0578  5.0505  5.0583
  93  0.699643  3.7830  4.5109 -0.1428  5.9950  5.4140  5.0904  5.0088  5.0038  5.0125
  94  0.703647  3.7852  4.5007 -0.1212  5.9293  5.3549  5.0385  4.9602  4.9573  4.9669
  95  0.707538  3.7874  4.4905 -0.0997  5.8644  5.2964  4.9869  4.9119  4.9113  4.9216
  96  0.711308  3.7895  4.4799 -0.0783  5.8010  5.2386  4.9357  4.8640  4.8653  4.8764
  97  0.714954  3.7916  4.4692 -0.0572  5.7387  5.1812  4.8848  4.8161  4.8195  4.8313
  98  0.718478  3.7936  4.4583 -0.0362  5.6771  5.1245  4.8342  4.7685  4.7738  4.7864
  99  0.721876  3.7955  4.4472 -0.0153  5.6164  5.0684  4.7840  4.7211  4.7284  4.7415
 100  0.725153  3.7974  4.4358  0.0054  5.5565  5.0127  4.7341  4.6742  4.6831  4.6969
 101  0.728311  3.7992  4.4242  0.0260  5.4971  4.9575  4.6849  4.6277  4.6384  4.6527
 102  0.731356  3.8009  4.4124  0.0465  5.4385  4.9026  4.6360  4.5815  4.5939  4.6087
 103  0.734290  3.8025  4.4003  0.0668  5.3805  4.8482  4.5874  4.5357  4.5497  4.5650
 104  0.737123  3.8040  4.3880  0.0870  5.3234  4.7942  4.5389  4.4897  4.5052  4.5208
 105  0.739858  3.8055  4.3754  0.1072  5.2671  4.7405  4.4903  4.4434  4.4603  4.4764
 106  0.742505  3.8069  4.3625  0.1271  5.2118  4.6874  4.4416  4.3970  4.4152  4.4318
 107  0.745070  3.8082  4.3494  0.1471  5.1572  4.6347  4.3930  4.3504  4.3699  4.3868
 108  0.747555  3.8095  4.3360  0.1669  5.1033  4.5823  4.3445  4.3039  4.3246  4.3417
 109  0.749976  3.8107  4.3224  0.1865  5.0499  4.5303  4.2961  4.2574  4.2792  4.2967
 110  0.752336  3.8118  4.3087  0.2062  4.9972  4.4789  4.2481  4.2112  4.2340  4.2519
 111  0.754648  3.8128  4.2947  0.2256  4.9449  4.4276  4.2004  4.1653  4.1889  4.2070
 112  0.755357  3.8131  4.2903  0.2316  4.9287  4.4117  4.1855  4.1509  4.1749  4.1930
 113  0.756066  3.8134  4.2858  0.2377  4.9125  4.3958  4.1706  4.1364  4.1607  4.1790
 114  0.756774  3.8137  4.2812  0.2438  4.8961  4.3798  4.1556  4.1219  4.1465  4.1647
 115  0.757483  3.8140  4.2767  0.2500  4.8797  4.3637  4.1405  4.1074  4.1321  4.1504
 116  0.758192  3.8143  4.2720  0.2562  4.8633  4.3475  4.1253  4.0926  4.1177  4.1361
 117  0.758900  3.8146  4.2672  0.2625  4.8466  4.3312  4.1099  4.0777  4.1030  4.1214
 118  0.759606  3.8149  4.2623  0.2688  4.8299  4.3147  4.0945  4.0626  4.0882  4.1067
 119  0.760312  3.8151  4.2573  0.2751  4.8132  4.2980  4.0787  4.0475  4.0732  4.0917
 120  0.761014  3.8153  4.2522  0.2816  4.7962  4.2812  4.0628  4.0320  4.0579  4.0764
 121  0.761714  3.8155  4.2469  0.2881  4.7791  4.2643  4.0467  4.0162  4.0423  4.0609
 122  0.762409  3.8157  4.2415  0.2947  4.7619  4.2472  4.0304  4.0003  4.0266  4.0452
 123  0.763101  3.8159  4.2359  0.3014  4.7446  4.2299  4.0139  3.9841  4.0105  4.0291
 124  0.763789  3.8161  4.2302  0.3081  4.7271  4.2124  3.9971  3.9677  3.9943  4.0129
 125  0.764473  3.8162  4.2243  0.3150  4.7095  4.1949  3.9801  3.9510  3.9777  3.9963
 126  0.765151  3.8163  4.2183  0.3219  4.6916  4.1772  3.9630  3.9341  3.9609  3.9795
 127  0.765825  3.8164  4.2122  0.3288  4.6738  4.1593  3.9457  3.9170  3.9439  3.9626
 128  0.766495  3.8165  4.2059  0.3359  4.6558  4.1412  3.9282  3.8998  3.9266  3.9454
 129  0.767160  3.8166  4.1995  0.3430  4.6377  4.1232  3.9105  3.8823  3.9093  3.9280
 130  0.767819  3.8166  4.1930  0.3501  4.6196  4.1049  3.8926  3.8646  3.8916  3.9103
 131  0.768474  3.8167  4.1863  0.3574  4.6014  4.0867  3.8747  3.8466  3.8737  3.8924
 132  0.769124  3.8167  4.1794  0.3646  4.5832  4.0682  3.8564  3.8286  3.8556  3.8742
 133  0.769767  3.8166  4.1723  0.3719  4.5648  4.0497  3.8380  3.8102  3.8372  3.8557
 134  0.770405  3.8166  4.1651  0.3793  4.5464  4.0310  3.8194  3.7916  3.8185  3.8371
 135  0.771036  3.8165  4.1577  0.3867  4.5280  4.0123  3.8006  3.7727  3.7995  3.8180
 136  0.771660  3.8164  4.1500  0.3942  4.5094  3.9934  3.7815  3.7536  3.7803  3.7987
 137  0.772275  3.8162  4.1422  0.4019  4.4908  3.9745  3.7622  3.7341  3.7607  3.7790
 138  0.772884  3.8160  4.1341  0.4095  4.4722  3.9555  3.7428  3.7144  3.7407  3.7590
 139  0.773485  3.8158  4.1257  0.4172  4.4535  3.9363  3.7230  3.6943  3.7204  3.7387
 140  0.774077  3.8155  4.1171  0.4250  4.4348  3.9171  3.7030  3.6740  3.6997  3.7178
 141  0.774660  3.8151  4.1082  0.4329  4.4161  3.8978  3.6827  3.6533  3.6787  3.6967
 142  0.775233  3.8147  4.0990  0.4409  4.3974  3.8784  3.6622  3.6322  3.6572  3.6750
 143  0.775798  3.8143  4.0895  0.4488  4.3786  3.8591  3.6414  3.6108  3.6353  3.6531
 144  0.776351  3.8138  4.0797  0.4569  4.3600  3.8396  3.6205  3.5890  3.6130  3.6307
 145  0.776894  3.8132  4.0695  0.4651  4.3414  3.8201  3.5993  3.5669  3.5903  3.6079
 146  0.777427  3.8125  4.0590  0.4733  4.3229  3.8006  3.5778  3.5444  3.5673  3.5846
 147  0.777948  3.8118  4.0480  0.4816  4.3045  3.7811  3.5561  3.5216  3.5438  3.5608
 148  0.778455  3.8109  4.0367  0.4899  4.2863  3.7615  3.5342  3.4986  3.5199  3.5367
 149  0.778951  3.8100  4.0248  0.4984  4.2684  3.7421  3.5122  3.4752  3.4958  3.5123
 150  0.779435  3.8090  4.0126  0.5068  4.2506  3.7227  3.4901  3.4517  3.4712  3.4875
 151  0.779905  3.8079  3.9999  0.5153  4.2333  3.7035  3.4678  3.4279  3.4462  3.4621
 152  0.780362  3.8067  3.9865  0.5239  4.2162  3.6844  3.4454  3.4038  3.4209  3.4363
 153  0.780805  3.8053  3.9726  0.5324  4.1997  3.6655  3.4228  3.3792  3.3951  3.4099
 154  0.781235  3.8038  3.9582  0.5411  4.1834  3.6467  3.4002  3.3543  3.3687  3.3830
 155  0.781650  3.8021  3.9431  0.5498  4.1677  3.6283  3.3773  3.3290  3.3418  3.3556
 156  0.782052  3.8004  3.9274  0.5585  4.1528  3.6102  3.3542  3.3034  3.3144  3.3275
 157  0.782439  3.7984  3.9111  0.5672  4.1387  3.5925  3.3311  3.2774  3.2865  3.2989
 158  0.782814  3.7962  3.8939  0.5758  4.1255  3.5753  3.3079  3.2510  3.2581  3.2697
 159  0.783175  3.7938  3.8762  0.5846  4.1134  3.5584  3.2845  3.2244  3.2293  3.2400
 160  0.783523  3.7915  3.8579  0.5933  4.1023  3.5420  3.2611  3.1973  3.1998  3.2097
 161  0.783861  3.7888  3.8391  0.6019  4.0923  3.5261  3.2374  3.1697  3.1696  3.1785
 162  0.784162  3.7863  3.8212  0.6099  4.0842  3.5121  3.2154  3.1438  3.1412  3.1493
 163  0.784459  3.7833  3.8014  0.6179  4.0782  3.4990  3.1930  3.1167  3.1113  3.1182
 164  0.784754  3.7800  3.7801  0.6261  4.0739  3.4864  3.1705  3.0894  3.0807  3.0863
 165  0.785046  3.7763  3.7572  0.6343  4.0724  3.4749  3.1476  3.0610  3.0485  3.0528
 166  0.785335  3.7726  3.7342  0.6427  4.0725  3.4637  3.1238  3.0313  3.0151  3.0179
 167  0.785624  3.7692  3.7120  0.6514  4.0708  3.4512  3.1001  3.0021  2.9824  2.9839
 168  0.785908  3.7658  3.6899  0.6602  4.0678  3.4376  3.0760  2.9730  2.9499  2.9501
 169  0.786186  3.7626  3.6678  0.6696  4.0636  3.4227  3.0510  2.9433  2.9169  2.9158
 170  0.786454  3.7596  3.6457  0.6798  4.0574  3.4061  3.0249  2.9124  2.8830  2.8805
 171  0.786711  3.7568  3.6239  0.6904  4.0489  3.3873  2.9973  2.8807  2.8482  2.8446
 172  0.786955  3.7542  3.6024  0.7018  4.0375  3.3664  2.9683  2.8478  2.8128  2.8079
 173  0.787186  3.7519  3.5814  0.7137  4.0232  3.3432  2.9379  2.8141  2.7766  2.7708
 174  0.787404  3.7499  3.5609  0.7262  4.0062  3.3182  2.9064  2.7796  2.7399  2.7331
 175  0.787610  3.7481  3.5410  0.7390  3.9869  3.2916  2.8740  2.7443  2.7027  2.6952
 176  0.787807  3.7465  3.5216  0.7522  3.9658  3.2637  2.8406  2.7084  2.6651  2.6568
 177  0.787994  3.7451  3.5027  0.7657  3.9430  3.2348  2.8065  2.6720  2.6272  2.6184
 178  0.788175  3.7438  3.4840  0.7793  3.9190  3.2051  2.7721  2.6353  2.5891  2.5797
 179  0.788349  3.7426  3.4656  0.7931  3.8936  3.1747  2.7373  2.5986  2.5511  2.5412
 180  0.788518  3.7416  3.4476  0.8071  3.8671  3.1435  2.7022  2.5617  2.5131  2.5028
 181  0.788682  3.7406  3.4298  0.8211  3.8397  3.1118  2.6671  2.5249  2.4753  2.4645
 182  0.788828  3.7399  3.4139  0.8340  3.8139  3.0823  2.6348  2.4914  2.4409  2.4297
 183  0.788974  3.7391  3.3978  0.8471  3.7869  3.0521  2.6021  2.4575  2.4061  2.3947
 184  0.789118  3.7384  3.3817  0.8603  3.7593  3.0212  2.5689  2.4232  2.3710  2.3592
 185  0.789261  3.7377  3.3655  0.8739  3.7306  2.9896  2.5350  2.3883  2.3355  2.3232
 186  0.789403  3.7371  3.3493  0.8877  3.7013  2.9574  2.5008  2.3531  2.2995  2.2869
 187  0.789544  3.7365  3.3328  0.9017  3.6712  2.9245  2.4661  2.3175  2.2631  2.2503
 188  0.789684  3.7359  3.3164  0.9158  3.6405  2.8913  2.4308  2.2813  2.2264  2.2133
 189  0.789823  3.7353  3.2999  0.9301  3.6091  2.8572  2.3951  2.2447  2.1892  2.1758
 190  0.789961  3.7347  3.2832  0.9447  3.5771  2.8228  2.3590  2.2078  2.1516  2.1379
 191  0.790098  3.7342  3.2664  0.9594  3.5444  2.7877  2.3223  2.1703  2.1135  2.0995
 192  0.790235  3.7336  3.2494  0.9743  3.5112  2.7522  2.2851  2.1324  2.0751  2.0608
 193  0.790369  3.7331  3.2323  0.9894  3.4774  2.7161  2.2475  2.0941  2.0361  2.0216
 194  0.790502  3.7326  3.2151  1.0047  3.4432  2.6795  2.2095  2.0552  1.9967  1.9819
 195  0.790634  3.7321  3.1976  1.0203  3.4083  2.6424  2.1709  2.0160  1.9568  1.9418
 196  0.790766  3.7317  3.1801  1.0359  3.3728  2.6048  2.1317  1.9760  1.9164  1.9012
 197  0.790894  3.7312  3.1621  1.0519  3.3369  2.5665  2.0919  1.9355  1.8753  1.8598
 198  0.791022  3.7307  3.1440  1.0683  3.3001  2.5275  2.0515  1.8944  1.8337  1.8178
 199  0.791147  3.7302  3.1256  1.0847  3.2627  2.4878  2.0104  1.8526  1.7913  1.7753
 200  0.791271  3.7297  3.1070  1.1015  3.2247  2.4476  1.9688  1.8103  1.7484  1.7321
 201  0.791393  3.7292  3.0882  1.1185  3.1862  2.4067  1.9265  1.7673  1.7049  1.6883
 202  0.791513  3.7287  3.0691  1.1358  3.1470  2.3653  1.8836  1.7238  1.6608  1.6439
 203  0.791631  3.7283  3.0498  1.1533  3.1071  2.3232  1.8401  1.6796  1.6160  1.5990
 204  0.791748  3.7278  3.0303  1.1710  3.0667  2.2805  1.7961  1.6348  1.5707  1.5533
 205  0.791861  3.7273  3.0104  1.1890  3.0258  2.2372  1.7513  1.5893  1.5247  1.5071
 206  0.791974  3.7268  2.9902  1.2072  2.9848  2.1936  1.7060  1.5433  1.4780  1.4602
 207  0.792083  3.7263  2.9696  1.2256  2.9436  2.1495  1.6602  1.4966  1.4307  1.4126
 208  0.792191  3.7257  2.9487  1.2442  2.9020  2.1050  1.6138  1.4494  1.3829  1.3643
 209  0.792296  3.7251  2.9274  1.2632  2.8603  2.0601  1.5668  1.4014  1.3340  1.3154
 210  0.792399  3.7245  2.9059  1.2823  2.8180  2.0147  1.5193  1.3528  1.2849  1.2658
 211  0.792500  3.7238  2.8838  1.3016  2.7763  1.9691  1.4712  1.3037  1.2348  1.2154
 212  0.792598  3.7232  2.8620  1.3212  2.7325  1.9224  1.4225  1.2540  1.1846  1.1649
 213  0.792693  3.7225  2.8397  1.3410  2.6892  1.8755  1.3734  1.2038  1.1336  1.1136
 214  0.792786  3.7219  2.8171  1.3610  2.6455  1.8283  1.3237  1.1531  1.0821  1.0617
 215  0.792877  3.7212  2.7943  1.3811  2.6016  1.7806  1.2736  1.1018  1.0301  1.0093
 216  0.792965  3.7206  2.7713  1.4016  2.5570  1.7324  1.2229  1.0501  0.9776  0.9564
 217  0.792983  3.7204  2.7663  1.4060  2.5476  1.7221  1.2122  1.0391  0.9664  0.9452
 218  0.793002  3.7203  2.7614  1.4103  2.5381  1.7118  1.2013  1.0280  0.9550  0.9338
 219  0.793020  3.7202  2.7564  1.4146  2.5285  1.7014  1.1905  1.0169  0.9437  0.9225
 220  0.793039  3.7200  2.7515  1.4190  2.5189  1.6911  1.1795  1.0057  0.9325  0.9111
 221  0.793056  3.7199  2.7465  1.4235  2.5093  1.6806  1.1685  0.9944  0.9211  0.8996
 222  0.793074  3.7197  2.7414  1.4279  2.4998  1.6702  1.1575  0.9831  0.9096  0.8880
 223  0.793092  3.7196  2.7363  1.4324  2.4902  1.6597  1.1464  0.9719  0.8981  0.8764
 224  0.793110  3.7194  2.7313  1.4369  2.4804  1.6491  1.1353  0.9605  0.8865  0.8648
 225  0.793128  3.7193  2.7262  1.4414  2.4706  1.6385  1.1241  0.9491  0.8750  0.8532
 226  0.793146  3.7191  2.7211  1.4459  2.4606  1.6277  1.1130  0.9376  0.8634  0.8415
 227  0.793309  3.7176  2.6718  1.4892  2.3676  1.5258  1.0053  0.8275  0.7514  0.7288
 228  0.793468  3.7159  2.6191  1.5357  2.2680  1.4167  0.8902  0.7097  0.6317  0.6082
 229  0.793610  3.7144  2.5678  1.5808  2.1722  1.3112  0.7785  0.5953  0.5154  0.4911
 230  0.793740  3.7129  2.5165  1.6260  2.0764  1.2055  0.6666  0.4806  0.3988  0.3737
 231  0.793864  3.7111  2.4629  1.6726  1.9800  1.0974  0.5514  0.3623  0.2783  0.2523
 232  0.793973  3.7092  2.4104  1.7178  1.8892  0.9939  0.4404  0.2481  0.1617  0.1347
 233  0.794074  3.7073  2.3571  1.7636  1.7971  0.8889  0.3277  0.1319  0.0432  0.0151
 234  0.794165  3.7055  2.3056  1.8076  1.7103  0.7884  0.2194  0.0202 -0.0708 -0.1000
 235  0.794248  3.7036  2.2544  1.8515  1.6242  0.6884  0.1117 -0.0909 -0.1842 -0.2145
 236  0.794325  3.7018  2.2038  1.8948  1.5399  0.5902  0.0056 -0.2003 -0.2959 -0.3272
 237  0.794396  3.7000  2.1545  1.9369  1.4583  0.4950 -0.0975 -0.3067 -0.4046 -0.4370
 238  0.794460  3.6984  2.1085  1.9764  1.3816  0.4059 -0.1939 -0.4063 -0.5065 -0.5396
 239  0.794519  3.6967  2.0629  2.0153  1.3054  0.3184 -0.2889 -0.5045 -0.6069 -0.6411
 240  0.794574  3.6950  2.0152  2.0560  1.2274  0.2281 -0.3876 -0.6067 -0.7116 -0.7466
 241  0.794624  3.6932  1.9719  2.0924  1.1596  0.1480 -0.4759 -0.6984 -0.8057 -0.8416
 242  0.794672  3.6920  1.9403  2.1191  1.1104  0.0893 -0.5408 -0.7658 -0.8749 -0.9115
 243  0.794718  3.6921  1.9390  2.1211  1.1044  0.0837 -0.5457 -0.7705 -0.8793 -0.9158
 244  0.794766  3.6913  1.9173  2.1399  1.0690  0.0420 -0.5914 -0.8176 -0.9276 -0.9645
 245  0.794813  3.6890  1.8608  2.1869  0.9873 -0.0594 -0.7053 -0.9367 -1.0500 -1.0881
 246  0.794855  3.6866  1.8053  2.2331  0.9119 -0.1580 -0.8172 -1.0537 -1.1701 -1.2096
 247  0.794892  3.6844  1.7520  2.2774  0.8417 -0.2521 -0.9241 -1.1657 -1.2852 -1.3260
 248  0.794925  3.6822  1.6992  2.3211  0.7740 -0.3445 -1.0295 -1.2760 -1.3987 -1.4408
 249  0.794957  3.6799  1.6471  2.3642  0.7088 -0.4352 -1.1330 -1.3844 -1.5103 -1.5538
 250  0.794984  3.6777  1.5975  2.4054  0.6473 -0.5211 -1.2310 -1.4873 -1.6162 -1.6609
 251  0.795009  3.6756  1.5483  2.4460  0.5884 -0.6053 -1.3276 -1.5887 -1.7207 -1.7669
 252  0.795033  3.6735  1.5006  2.4854  0.5330 -0.6861 -1.4210 -1.6872 -1.8223 -1.8698
 253  0.795053  3.6713  1.4531  2.5240  0.4822 -0.7638 -1.5121 -1.7835 -1.9219 -1.9707
 254  0.795073  3.6691  1.4063  2.5620  0.4348 -0.8391 -1.6012 -1.8779 -2.0197 -2.0700
 255  0.795091  3.6670  1.3607  2.5989  0.3910 -0.9113 -1.6873 -1.9694 -2.1147 -2.1664
 256  0.795108  3.6647  1.3154  2.6355  0.3499 -0.9820 -1.7721 -2.0598 -2.2084 -2.2615
 257  0.795122  3.6626  1.2713  2.6709  0.3120 -1.0496 -1.8540 -2.1472 -2.2993 -2.3538
 258  0.795136  3.6605  1.2280  2.7057  0.2771 -1.1149 -1.9339 -2.2329 -2.3884 -2.4444
 259  0.795148  3.6584  1.1853  2.7399  0.2450 -1.1780 -2.0118 -2.3164 -2.4755 -2.5330
 260  0.795161  3.6562  1.1436  2.7732  0.2157 -1.2388 -2.0877 -2.3980 -2.5607 -2.6196
 261  0.795172  3.6541  1.1025  2.8059  0.1890 -1.2974 -2.1617 -2.4777 -2.6439 -2.7044
 262  0.795183  3.6521  1.0623  2.8379  0.1650 -1.3538 -2.2335 -2.5555 -2.7252 -2.7872
 263  0.795192  3.6500  1.0228  2.8691  0.1437 -1.4079 -2.3032 -2.6313 -2.8046 -2.8680
 264  0.795201  3.6480  0.9841  2.8997  0.1256 -1.4596 -2.3710 -2.7052 -2.8821 -2.9470
 265  0.795209  3.6458  0.9454  2.9299  0.1119 -1.5087 -2.4372 -2.7778 -2.9584 -3.0248
 266  0.795217  3.6438  0.9075  2.9592  0.1004 -1.5556 -2.5014 -2.8483 -3.0328 -3.1007
 267  0.795224  3.6417  0.8706  2.9879  0.0905 -1.6007 -2.5636 -2.9169 -3.1052 -3.1747
 268  0.795231  3.6395  0.8339  3.0163  0.0822 -1.6444 -2.6247 -2.9844 -3.1765 -3.2475
 269  0.795237  3.6375  0.7982  3.0440  0.0751 -1.6863 -2.6839 -3.0500 -3.2459 -3.3184
 270  0.795243  3.6356  0.7631  3.0711  0.0691 -1.7269 -2.7418 -3.1144 -3.3140 -3.3880
 271  0.795249  3.6336  0.7287  3.0976  0.0640 -1.7660 -2.7982 -3.1770 -3.3804 -3.4558
 272  0.795254  3.6317  0.6953  3.1236  0.0600 -1.8036 -2.8529 -3.2381 -3.4451 -3.5219
 273  0.795259  3.6299  0.6624  3.1491  0.0568 -1.8399 -2.9064 -3.2979 -3.5086 -3.5868
 274  0.795264  3.6281  0.6302  3.1740  0.0551 -1.8746 -2.9584 -3.3561 -3.5705 -3.6502
 275  0.795268  3.6264  0.5991  3.1982  0.0535 -1.9077 -3.0086 -3.4126 -3.6305 -3.7116
 276  0.795272  3.6247  0.5687  3.2220  0.0526 -1.9395 -3.0574 -3.4675 -3.6890 -3.7715
 277  0.795276  3.6230  0.5394  3.2447  0.0519 -1.9699 -3.1043 -3.5204 -3.7453 -3.8291
 278  0.795280  3.6215  0.5117  3.2664  0.0512 -1.9983 -3.1487 -3.5704 -3.7986 -3.8837
