#NUMBER OF AGES= 1 MAGS= 6
#----------------------------------------------------       
#MIX-LEN  Y      Z          Zeff        [Fe/H] [a/Fe]
# 1.9380  0.2455 3.0946E-04 1.5752E-04  -2.08   0.40 
#----------------------------------------------------       
#**PHOTOMETRIC SYSTEM**: DECam (AB)
#----------------------------------------------------       
#AGE=10.300 EEPS=267
#EEP   M/Mo    LogTeff  LogG   LogL/Lo DECam_u DECam_g DECam_r DECam_i DECam_z DECam_Y
  12  0.107474  3.5400  5.3554 -2.7724 16.2724 13.8260 12.2505 11.4695 11.1491 11.0508
  13  0.118016  3.5475  5.3072 -2.6540 15.8211 13.4351 11.8896 11.1762 10.8666 10.7681
  14  0.130272  3.5553  5.2583 -2.5312 15.3513 13.0323 11.5222 10.8698 10.5713 10.4737
  15  0.144660  3.5631  5.2130 -2.4090 14.8822 12.6328 11.1634 10.5629 10.2754 10.1795
  16  0.160085  3.5702  5.1770 -2.3007 14.4642 12.2800 10.8513 10.2900 10.0125  9.9185
  17  0.174631  3.5759  5.1493 -2.2126 14.1240 11.9946 10.6018 10.0676  9.7980  9.7059
  18  0.187816  3.5802  5.1268 -2.1407 13.8504 11.7651 10.4017  9.8863  9.6227  9.5323
  19  0.200556  3.5840  5.1064 -2.0772 13.6120 11.5647 10.2269  9.7258  9.4674  9.3782
  20  0.213793  3.5873  5.0869 -2.0167 13.3885 11.3765 10.0623  9.5736  9.3196  9.2317
  21  0.228271  3.5905  5.0680 -1.9563 13.1678 11.1903  9.8996  9.4218  9.1722  9.0855
  22  0.244008  3.5937  5.0497 -1.8964 12.9491 11.0060  9.7388  9.2711  9.0258  8.9404
  23  0.262716  3.5970  5.0309 -1.8319 12.7123 10.8078  9.5665  9.1092  8.8684  8.7844
  24  0.283370  3.6005  5.0127 -1.7671 12.4751 10.6092  9.3940  8.9464  8.7102  8.6276
  25  0.299264  3.6029  5.0003 -1.7214 12.3081 10.4690  9.2723  8.8314  8.5985  8.5170
  26  0.308903  3.6042  4.9936 -1.6956 12.2140 10.3899  9.2036  8.7663  8.5354  8.4543
  27  0.315465  3.6051  4.9895 -1.6788 12.1532 10.3387  9.1591  8.7241  8.4943  8.4137
  28  0.320157  3.6057  4.9865 -1.6669 12.1103 10.3023  9.1275  8.6943  8.4653  8.3850
  29  0.323921  3.6062  4.9842 -1.6574 12.0755 10.2729  9.1021  8.6702  8.4420  8.3619
  30  0.327680  3.6067  4.9826 -1.6486 12.0427 10.2455  9.0787  8.6482  8.4207  8.3409
  31  0.331928  3.6074  4.9802 -1.6383 12.0047 10.2134  9.0510  8.6220  8.3953  8.3158
  32  0.336632  3.6080  4.9770 -1.6265 11.9616 10.1769  9.0192  8.5920  8.3662  8.2870
  33  0.343796  3.6090  4.9728 -1.6092 11.8986 10.1235  8.9731  8.5485  8.3241  8.2454
  34  0.350904  3.6101  4.9669 -1.5903 11.8300 10.0653  8.9226  8.5005  8.2777  8.1994
  35  0.362842  3.6120  4.9565 -1.5574 11.7083  9.9626  8.8346  8.4176  8.1975  8.1203
  36  0.380736  3.6155  4.9385 -1.5043 11.5055  9.7926  8.6908  8.2828  8.0677  7.9923
  37  0.402774  3.6209  4.9141 -1.4342 11.2330  9.5633  8.4991  8.1047  7.8972  7.8246
  38  0.423405  3.6269  4.8888 -1.3636 10.9573  9.3286  8.3044  7.9249  7.7261  7.6566
  39  0.441698  3.6329  4.8660 -1.2982 10.6980  9.1072  8.1222  7.7581  7.5683  7.5021
  40  0.456225  3.6383  4.8484 -1.2449 10.4789  8.9227  7.9723  7.6221  7.4407  7.3774
  41  0.468699  3.6435  4.8336 -1.1973 10.2756  8.7549  7.8376  7.5010  7.3276  7.2671
  42  0.479249  3.6484  4.8211 -1.1555 10.0909  8.6060  7.7191  7.3947  7.2286  7.1708
  43  0.489010  3.6533  4.8100 -1.1162  9.9129  8.4652  7.6074  7.2948  7.1360  7.0809
  44  0.498033  3.6580  4.8003 -1.0796  9.7441  8.3335  7.5036  7.2022  7.0503  6.9979
  45  0.506271  3.6626  4.7919 -1.0460  9.5867  8.2122  7.4082  7.1175  6.9722  6.9222
  46  0.513796  3.6670  4.7847 -1.0149  9.4373  8.0993  7.3199  7.0393  6.9003  6.8528
  47  0.521007  3.6713  4.7782 -0.9846  9.2897  7.9895  7.2342  6.9635  6.8308  6.7857
  48  0.528387  3.6760  4.7717 -0.9534  9.1367  7.8774  7.1463  6.8856  6.7594  6.7169
  49  0.536312  3.6811  4.7651 -0.9199  8.9729  7.7588  7.0528  6.8022  6.6828  6.6432
  50  0.544976  3.6867  4.7579 -0.8833  8.7953  7.6316  6.9518  6.7119  6.5998  6.5632
  51  0.554404  3.6928  4.7499 -0.8436  8.6070  7.4962  6.8434  6.6148  6.5104  6.4771
  52  0.559406  3.6960  4.7457 -0.8227  8.5094  7.4251  6.7863  6.5637  6.4633  6.4318
  53  0.564464  3.6993  4.7415 -0.8013  8.4108  7.3534  6.7287  6.5123  6.4159  6.3863
  54  0.569545  3.7026  4.7373 -0.7798  8.3121  7.2819  6.6714  6.4609  6.3687  6.3408
  55  0.574623  3.7059  4.7330 -0.7584  8.2136  7.2110  6.6143  6.4099  6.3218  6.2958
  56  0.579680  3.7092  4.7287 -0.7371  8.1169  7.1413  6.5580  6.3595  6.2753  6.2511
  57  0.584691  3.7126  4.7244 -0.7159  8.0228  7.0732  6.5028  6.3097  6.2295  6.2068
  58  0.589646  3.7157  4.7198 -0.6951  7.9319  7.0070  6.4486  6.2609  6.1842  6.1632
  59  0.594530  3.7188  4.7152 -0.6746  7.8441  6.9425  6.3958  6.2130  6.1399  6.1204
  60  0.599345  3.7218  4.7105 -0.6543  7.7593  6.8796  6.3441  6.1662  6.0964  6.0784
  61  0.604084  3.7248  4.7059 -0.6345  7.6772  6.8182  6.2935  6.1203  6.0539  6.0374
  62  0.608759  3.7276  4.7010 -0.6148  7.5976  6.7582  6.2440  6.0753  6.0120  5.9969
  63  0.613370  3.7304  4.6961 -0.5955  7.5201  6.6993  6.1953  6.0311  5.9708  5.9572
  64  0.617917  3.7331  4.6912 -0.5763  7.4449  6.6417  6.1475  5.9876  5.9304  5.9179
  65  0.622397  3.7358  4.6861 -0.5575  7.3717  6.5852  6.1005  5.9449  5.8906  5.8794
  66  0.626818  3.7385  4.6811 -0.5390  7.3009  6.5298  6.0544  5.9028  5.8513  5.8414
  67  0.631178  3.7410  4.6759 -0.5206  7.2317  6.4753  6.0090  5.8615  5.8126  5.8039
  68  0.635475  3.7435  4.6707 -0.5024  7.1643  6.4220  5.9643  5.8207  5.7746  5.7670
  69  0.639704  3.7459  4.6653 -0.4844  7.0988  6.3695  5.9205  5.7806  5.7370  5.7305
  70  0.643880  3.7483  4.6601 -0.4668  7.0346  6.3178  5.8773  5.7411  5.7001  5.6947
  71  0.647997  3.7506  4.6546 -0.4493  6.9720  6.2670  5.8347  5.7023  5.6637  5.6594
  72  0.652051  3.7529  4.6490 -0.4321  6.9106  6.2169  5.7928  5.6642  5.6280  5.6247
  73  0.656044  3.7550  4.6435 -0.4150  6.8506  6.1675  5.7516  5.6266  5.5928  5.5903
  74  0.659971  3.7572  4.6378 -0.3982  6.7921  6.1191  5.7109  5.5895  5.5579  5.5563
  75  0.663841  3.7593  4.6320 -0.3816  6.7350  6.0716  5.6708  5.5527  5.5233  5.5226
  76  0.667650  3.7613  4.6262 -0.3652  6.6795  6.0250  5.6310  5.5161  5.4888  5.4890
  77  0.671392  3.7633  4.6205 -0.3489  6.6253  5.9794  5.5921  5.4800  5.4548  5.4558
  78  0.675072  3.7653  4.6146 -0.3330  6.5725  5.9346  5.5535  5.4444  5.4211  5.4229
  79  0.678687  3.7672  4.6088 -0.3172  6.5209  5.8905  5.5156  5.4093  5.3880  5.3906
  80  0.682239  3.7691  4.6031 -0.3018  6.4704  5.8472  5.4783  5.3749  5.3554  5.3588
  81  0.685720  3.7709  4.5974 -0.2865  6.4211  5.8045  5.4416  5.3410  5.3233  5.3275
  82  0.690681  3.7736  4.5892 -0.2647  6.3511  5.7439  5.3893  5.2925  5.2775  5.2827
  83  0.695596  3.7761  4.5810 -0.2430  6.2819  5.6837  5.3373  5.2444  5.2321  5.2383
  84  0.700465  3.7787  4.5729 -0.2214  6.2133  5.6239  5.2858  5.1967  5.1870  5.1942
  85  0.705278  3.7813  4.5647 -0.2000  6.1457  5.5645  5.2346  5.1494  5.1422  5.1504
  86  0.710034  3.7838  4.5565 -0.1786  6.0788  5.5055  5.1838  5.1025  5.0979  5.1070
  87  0.714723  3.7864  4.5483 -0.1573  6.0129  5.4470  5.1332  5.0557  5.0535  5.0636
  88  0.719337  3.7889  4.5399 -0.1362  5.9483  5.3888  5.0827  5.0091  5.0093  5.0202
  89  0.723872  3.7914  4.5314 -0.1151  5.8844  5.3310  5.0324  4.9623  4.9651  4.9769
  90  0.728324  3.7937  4.5226 -0.0941  5.8212  5.2734  4.9823  4.9157  4.9208  4.9335
  91  0.732689  3.7961  4.5136 -0.0730  5.7583  5.2160  4.9322  4.8692  4.8766  4.8902
  92  0.736966  3.7984  4.5042 -0.0520  5.6960  5.1588  4.8823  4.8228  4.8324  4.8467
  93  0.741153  3.8005  4.4946 -0.0310  5.6340  5.1017  4.8325  4.7764  4.7884  4.8032
  94  0.745249  3.8027  4.4845 -0.0100  5.5725  5.0447  4.7827  4.7301  4.7441  4.7597
  95  0.749249  3.8048  4.4741  0.0111  5.5116  4.9878  4.7330  4.6837  4.6997  4.7159
  96  0.753159  3.8068  4.4634  0.0321  5.4514  4.9311  4.6829  4.6369  4.6549  4.6716
  97  0.756980  3.8087  4.4523  0.0531  5.3919  4.8746  4.6326  4.5896  4.6095  4.6267
  98  0.760699  3.8106  4.4409  0.0741  5.3333  4.8184  4.5820  4.5419  4.5635  4.5813
  99  0.764315  3.8124  4.4293  0.0949  5.2756  4.7627  4.5315  4.4941  4.5174  4.5357
 100  0.767826  3.8141  4.4175  0.1156  5.2184  4.7073  4.4813  4.4465  4.4714  4.4902
 101  0.771232  3.8157  4.4053  0.1362  5.1619  4.6524  4.4314  4.3991  4.4256  4.4448
 102  0.774530  3.8173  4.3930  0.1565  5.1060  4.5980  4.3819  4.3522  4.3801  4.3996
 103  0.777720  3.8187  4.3804  0.1767  5.0510  4.5443  4.3329  4.3056  4.3350  4.3549
 104  0.780813  3.8201  4.3679  0.1967  4.9966  4.4910  4.2843  4.2591  4.2899  4.3101
 105  0.783817  3.8214  4.3549  0.2166  4.9429  4.4382  4.2358  4.2129  4.2448  4.2654
 106  0.786743  3.8227  4.3418  0.2364  4.8898  4.3857  4.1874  4.1666  4.1997  4.2205
 107  0.789594  3.8240  4.3285  0.2561  4.8370  4.3335  4.1390  4.1203  4.1545  4.1756
 108  0.792364  3.8252  4.3151  0.2757  4.7848  4.2818  4.0909  4.0741  4.1094  4.1307
 109  0.795061  3.8262  4.3015  0.2951  4.7332  4.2305  4.0431  4.0282  4.0644  4.0860
 110  0.797696  3.8272  4.2877  0.3144  4.6822  4.1797  3.9956  3.9825  4.0196  4.0413
 111  0.800284  3.8282  4.2739  0.3336  4.6317  4.1293  3.9484  3.9369  3.9749  3.9967
 112  0.801077  3.8285  4.2695  0.3394  4.6160  4.1137  3.9337  3.9227  3.9609  3.9829
 113  0.801873  3.8288  4.2651  0.3454  4.6003  4.0979  3.9189  3.9085  3.9470  3.9689
 114  0.802670  3.8291  4.2606  0.3514  4.5845  4.0821  3.9041  3.8940  3.9328  3.9549
 115  0.803469  3.8294  4.2561  0.3575  4.5686  4.0662  3.8891  3.8796  3.9186  3.9406
 116  0.804268  3.8296  4.2515  0.3636  4.5524  4.0501  3.8738  3.8649  3.9042  3.9262
 117  0.805067  3.8299  4.2468  0.3698  4.5362  4.0339  3.8586  3.8501  3.8895  3.9117
 118  0.805864  3.8302  4.2421  0.3761  4.5197  4.0174  3.8430  3.8351  3.8748  3.8970
 119  0.806661  3.8305  4.2373  0.3824  4.5032  4.0008  3.8274  3.8200  3.8598  3.8821
 120  0.807457  3.8307  4.2325  0.3889  4.4864  3.9840  3.8116  3.8046  3.8448  3.8671
 121  0.808249  3.8310  4.2276  0.3952  4.4695  3.9671  3.7955  3.7892  3.8295  3.8519
 122  0.809040  3.8312  4.2225  0.4018  4.4525  3.9500  3.7793  3.7735  3.8141  3.8364
 123  0.809828  3.8315  4.2175  0.4084  4.4353  3.9327  3.7630  3.7576  3.7984  3.8208
 124  0.810613  3.8317  4.2121  0.4150  4.4179  3.9153  3.7465  3.7415  3.7825  3.8049
 125  0.811393  3.8319  4.2066  0.4218  4.4004  3.8977  3.7297  3.7251  3.7664  3.7888
 126  0.812170  3.8322  4.2010  0.4285  4.3828  3.8800  3.7127  3.7086  3.7499  3.7724
 127  0.812942  3.8323  4.1952  0.4354  4.3651  3.8622  3.6955  3.6917  3.7332  3.7557
 128  0.813709  3.8324  4.1893  0.4425  4.3473  3.8442  3.6782  3.6747  3.7163  3.7387
 129  0.814471  3.8325  4.1831  0.4494  4.3292  3.8261  3.6606  3.6575  3.6990  3.7215
 130  0.815228  3.8327  4.1768  0.4565  4.3112  3.8078  3.6428  3.6399  3.6816  3.7041
 131  0.815980  3.8327  4.1702  0.4637  4.2930  3.7893  3.6248  3.6221  3.6638  3.6863
 132  0.816726  3.8328  4.1636  0.4709  4.2746  3.7708  3.6066  3.6040  3.6458  3.6682
 133  0.817467  3.8327  4.1566  0.4783  4.2561  3.7521  3.5881  3.5857  3.6274  3.6497
 134  0.818201  3.8327  4.1495  0.4857  4.2374  3.7332  3.5694  3.5672  3.6087  3.6311
 135  0.818928  3.8327  4.1422  0.4932  4.2188  3.7143  3.5505  3.5483  3.5897  3.6120
 136  0.819647  3.8326  4.1346  0.5007  4.1999  3.6952  3.5314  3.5291  3.5705  3.5927
 137  0.820359  3.8324  4.1266  0.5084  4.1811  3.6760  3.5121  3.5097  3.5509  3.5730
 138  0.821061  3.8322  4.1186  0.5160  4.1622  3.6567  3.4926  3.4899  3.5309  3.5529
 139  0.821754  3.8320  4.1101  0.5238  4.1432  3.6374  3.4728  3.4699  3.5106  3.5325
 140  0.822438  3.8317  4.1014  0.5317  4.1242  3.6180  3.4528  3.4495  3.4900  3.5118
 141  0.823110  3.8313  4.0924  0.5396  4.1052  3.5985  3.4327  3.4289  3.4690  3.4907
 142  0.823774  3.8309  4.0831  0.5475  4.0862  3.5790  3.4123  3.4080  3.4477  3.4692
 143  0.824424  3.8304  4.0735  0.5555  4.0673  3.5596  3.3917  3.3868  3.4259  3.4473
 144  0.825062  3.8298  4.0635  0.5636  4.0484  3.5401  3.3709  3.3653  3.4038  3.4251
 145  0.825687  3.8291  4.0531  0.5718  4.0296  3.5206  3.3500  3.3435  3.3814  3.4024
 146  0.826298  3.8284  4.0424  0.5800  4.0109  3.5011  3.3289  3.3214  3.3587  3.3793
 147  0.826895  3.8276  4.0312  0.5882  3.9923  3.4818  3.3076  3.2990  3.3354  3.3559
 148  0.827478  3.8267  4.0196  0.5964  3.9738  3.4625  3.2861  3.2763  3.3119  3.3321
 149  0.828046  3.8257  4.0076  0.6047  3.9556  3.4433  3.2645  3.2532  3.2877  3.3077
 150  0.828598  3.8246  3.9950  0.6131  3.9376  3.4244  3.2427  3.2297  3.2632  3.2828
 151  0.829134  3.8234  3.9819  0.6214  3.9200  3.4055  3.2205  3.2057  3.2380  3.2573
 152  0.829654  3.8220  3.9683  0.6299  3.9026  3.3869  3.1980  3.1811  3.2121  3.2310
 153  0.830159  3.8205  3.9541  0.6383  3.8856  3.3686  3.1750  3.1558  3.1854  3.2040
 154  0.830646  3.8188  3.9392  0.6468  3.8691  3.3505  3.1517  3.1299  3.1580  3.1761
 155  0.831117  3.8170  3.9239  0.6553  3.8531  3.3328  3.1281  3.1034  3.1298  3.1475
 156  0.831573  3.8151  3.9079  0.6638  3.8378  3.3153  3.1045  3.0767  3.1013  3.1185
 157  0.832011  3.8130  3.8912  0.6722  3.8232  3.2981  3.0811  3.0500  3.0726  3.0893
 158  0.832433  3.8108  3.8739  0.6807  3.8094  3.2813  3.0579  3.0235  3.0439  3.0600
 159  0.832839  3.8083  3.8559  0.6892  3.7964  3.2651  3.0350  2.9969  3.0151  3.0303
 160  0.833231  3.8057  3.8371  0.6977  3.7845  3.2494  3.0122  2.9702  2.9858  3.0002
 161  0.833608  3.8028  3.8177  0.7061  3.7734  3.2343  2.9894  2.9432  2.9562  2.9695
 162  0.833915  3.8004  3.8008  0.7131  3.7652  3.2222  2.9703  2.9205  2.9310  2.9434
 163  0.834219  3.7977  3.7830  0.7203  3.7578  3.2103  2.9509  2.8970  2.9049  2.9165
 164  0.834519  3.7948  3.7644  0.7274  3.7516  3.1989  2.9310  2.8727  2.8779  2.8884
 165  0.834819  3.7917  3.7450  0.7346  3.7470  3.1880  2.9104  2.8473  2.8493  2.8588
 166  0.835115  3.7884  3.7245  0.7419  3.7441  3.1780  2.8895  2.8210  2.8198  2.8283
 167  0.835406  3.7842  3.7010  0.7490  3.7452  3.1699  2.8691  2.7944  2.7893  2.7961
 168  0.835692  3.7797  3.6760  0.7560  3.7500  3.1636  2.8489  2.7674  2.7576  2.7628
 169  0.835981  3.7755  3.6525  0.7632  3.7542  3.1565  2.8283  2.7404  2.7264  2.7301
 170  0.836269  3.7718  3.6304  0.7706  3.7559  3.1478  2.8077  2.7139  2.6963  2.6985
 171  0.836551  3.7682  3.6085  0.7783  3.7566  3.1379  2.7864  2.6873  2.6660  2.6668
 172  0.836825  3.7649  3.5870  0.7866  3.7553  3.1264  2.7644  2.6600  2.6354  2.6349
 173  0.837085  3.7618  3.5658  0.7954  3.7517  3.1131  2.7413  2.6322  2.6043  2.6024
 174  0.837329  3.7589  3.5449  0.8048  3.7460  3.0978  2.7169  2.6033  2.5724  2.5693
 175  0.837558  3.7563  3.5247  0.8146  3.7375  3.0805  2.6914  2.5739  2.5403  2.5361
 176  0.837774  3.7540  3.5055  0.8250  3.7260  3.0611  2.6650  2.5441  2.5082  2.5030
 177  0.837977  3.7521  3.4871  0.8356  3.7124  3.0404  2.6378  2.5139  2.4759  2.4699
 178  0.838169  3.7503  3.4692  0.8466  3.6972  3.0184  2.6100  2.4833  2.4434  2.4367
 179  0.838352  3.7487  3.4519  0.8578  3.6802  2.9955  2.5816  2.4524  2.4108  2.4033
 180  0.838526  3.7473  3.4351  0.8690  3.6621  2.9718  2.5528  2.4213  2.3782  2.3701
 181  0.838692  3.7461  3.4187  0.8805  3.6427  2.9473  2.5238  2.3901  2.3456  2.3371
 182  0.838857  3.7449  3.4023  0.8924  3.6217  2.9216  2.4937  2.3580  2.3124  2.3033
 183  0.839019  3.7438  3.3858  0.9046  3.5993  2.8946  2.4628  2.3253  2.2785  2.2689
 184  0.839179  3.7429  3.3693  0.9172  3.5755  2.8665  2.4312  2.2920  2.2440  2.2341
 185  0.839339  3.7419  3.3529  0.9301  3.5503  2.8375  2.3988  2.2582  2.2092  2.1988
 186  0.839496  3.7410  3.3364  0.9432  3.5238  2.8075  2.3660  2.2239  2.1740  2.1632
 187  0.839653  3.7403  3.3198  0.9566  3.4964  2.7767  2.3326  2.1893  2.1385  2.1273
 188  0.839807  3.7395  3.3033  0.9701  3.4681  2.7452  2.2987  2.1542  2.1026  2.0911
 189  0.839961  3.7388  3.2868  0.9840  3.4389  2.7130  2.2643  2.1187  2.0663  2.0545
 190  0.840113  3.7380  3.2702  0.9980  3.4090  2.6803  2.2294  2.0828  2.0297  2.0176
 191  0.840263  3.7375  3.2536  1.0120  3.3785  2.6470  2.1942  2.0466  1.9928  1.9803
 192  0.840413  3.7369  3.2369  1.0264  3.3474  2.6133  2.1585  2.0101  1.9555  1.9428
 193  0.840561  3.7362  3.2200  1.0409  3.3157  2.5791  2.1225  1.9731  1.9179  1.9049
 194  0.840709  3.7356  3.2032  1.0555  3.2835  2.5444  2.0860  1.9358  1.8800  1.8667
 195  0.840855  3.7351  3.1862  1.0703  3.2507  2.5092  2.0492  1.8982  1.8418  1.8281
 196  0.841000  3.7346  3.1691  1.0852  3.2175  2.4736  2.0120  1.8602  1.8031  1.7892
 197  0.841144  3.7341  3.1520  1.1003  3.1837  2.4375  1.9743  1.8217  1.7642  1.7499
 198  0.841285  3.7336  3.1347  1.1156  3.1494  2.4010  1.9362  1.7829  1.7247  1.7102
 199  0.841427  3.7330  3.1172  1.1311  3.1147  2.3640  1.8977  1.7436  1.6848  1.6701
 200  0.841566  3.7326  3.0996  1.1468  3.0795  2.3265  1.8587  1.7039  1.6446  1.6296
 201  0.841704  3.7321  3.0819  1.1626  3.0438  2.2886  1.8193  1.6638  1.6038  1.5886
 202  0.841839  3.7316  3.0640  1.1787  3.0075  2.2501  1.7794  1.6232  1.5627  1.5472
 203  0.841974  3.7311  3.0458  1.1949  2.9709  2.2111  1.7390  1.5821  1.5210  1.5053
 204  0.842106  3.7306  3.0276  1.2113  2.9338  2.1717  1.6982  1.5406  1.4790  1.4630
 205  0.842236  3.7301  3.0092  1.2279  2.8962  2.1319  1.6569  1.4985  1.4364  1.4201
 206  0.842365  3.7296  2.9903  1.2447  2.8584  2.0917  1.6151  1.4560  1.3933  1.3767
 207  0.842491  3.7290  2.9713  1.2617  2.8205  2.0512  1.5729  1.4129  1.3495  1.3328
 208  0.842616  3.7284  2.9519  1.2789  2.7823  2.0102  1.5302  1.3693  1.3053  1.2883
 209  0.842737  3.7279  2.9321  1.2963  2.7442  1.9690  1.4868  1.3250  1.2603  1.2429
 210  0.842857  3.7273  2.9123  1.3139  2.7049  1.9269  1.4429  1.2802  1.2148  1.1971
 211  0.842973  3.7266  2.8920  1.3318  2.6659  1.8846  1.3984  1.2348  1.1686  1.1507
 212  0.843087  3.7260  2.8715  1.3499  2.6263  1.8418  1.3534  1.1888  1.1220  1.1037
 213  0.843198  3.7254  2.8509  1.3681  2.5862  1.7985  1.3080  1.1424  1.0748  1.0562
 214  0.843307  3.7248  2.8300  1.3865  2.5457  1.7548  1.2621  1.0953  1.0272  1.0082
 215  0.843412  3.7242  2.8089  1.4052  2.5048  1.7106  1.2156  1.0480  0.9790  0.9597
 216  0.843515  3.7236  2.7876  1.4240  2.4638  1.6661  1.1688  1.0001  0.9303  0.9108
 217  0.843538  3.7234  2.7828  1.4283  2.4547  1.6561  1.1584  0.9894  0.9196  0.8999
 218  0.843561  3.7233  2.7780  1.4325  2.4454  1.6461  1.1478  0.9786  0.9086  0.8889
 219  0.843583  3.7231  2.7731  1.4367  2.4363  1.6362  1.1373  0.9679  0.8976  0.8778
 220  0.843606  3.7230  2.7683  1.4410  2.4271  1.6262  1.1268  0.9570  0.8865  0.8667
 221  0.843628  3.7229  2.7634  1.4453  2.4176  1.6159  1.1160  0.9460  0.8755  0.8556
 222  0.843650  3.7227  2.7586  1.4496  2.4081  1.6057  1.1053  0.9352  0.8644  0.8444
 223  0.843673  3.7226  2.7537  1.4539  2.3988  1.5956  1.0945  0.9242  0.8533  0.8332
 224  0.843695  3.7224  2.7488  1.4583  2.3894  1.5853  1.0838  0.9131  0.8421  0.8219
 225  0.843717  3.7223  2.7439  1.4626  2.3799  1.5750  1.0729  0.9021  0.8308  0.8106
 226  0.843738  3.7221  2.7390  1.4670  2.3703  1.5647  1.0621  0.8910  0.8196  0.7993
 227  0.843938  3.7207  2.6921  1.5084  2.2803  1.4668  0.9591  0.7857  0.7126  0.6916
 228  0.844124  3.7192  2.6446  1.5501  2.1907  1.3687  0.8555  0.6795  0.6047  0.5830
 229  0.844300  3.7177  2.5955  1.5932  2.0990  1.2679  0.7487  0.5702  0.4936  0.4710
 230  0.844468  3.7161  2.5444  1.6378  2.0045  1.1635  0.6380  0.4566  0.3780  0.3546
 231  0.844618  3.7145  2.4951  1.6810  1.9136  1.0628  0.5311  0.3470  0.2665  0.2423
 232  0.844759  3.7129  2.4451  1.7245  1.8228  0.9616  0.4234  0.2363  0.1539  0.1288
 233  0.844887  3.7112  2.3946  1.7681  1.7335  0.8609  0.3158  0.1257  0.0410  0.0150
 234  0.845006  3.7095  2.3444  1.8113  1.6457  0.7614  0.2091  0.0160 -0.0708 -0.0979
 235  0.845113  3.7077  2.2951  1.8538  1.5611  0.6644  0.1050 -0.0914 -0.1803 -0.2083
 236  0.845212  3.7059  2.2463  1.8957  1.4778  0.5684  0.0018 -0.1977 -0.2888 -0.3178
 237  0.845303  3.7042  2.1972  1.9376  1.3953  0.4728 -0.1014 -0.3041 -0.3975 -0.4275
 238  0.845387  3.7024  2.1489  1.9790  1.3149  0.3792 -0.2026 -0.4086 -0.5042 -0.5352
 239  0.845464  3.7006  2.1007  2.0201  1.2352  0.2863 -0.3034 -0.5126 -0.6105 -0.6425
 240  0.845534  3.6989  2.0546  2.0595  1.1585  0.1978 -0.3995 -0.6121 -0.7122 -0.7451
 241  0.845599  3.6972  2.0087  2.0986  1.0833  0.1105 -0.4949 -0.7108 -0.8133 -0.8471
 242  0.845660  3.6956  1.9663  2.1344  1.0162  0.0314 -0.5823 -0.8016 -0.9064 -0.9409
 243  0.845716  3.6943  1.9333  2.1624  0.9638 -0.0304 -0.6506 -0.8725 -0.9790 -1.0142
 244  0.845771  3.6942  1.9267  2.1687  0.9493 -0.0459 -0.6666 -0.8886 -0.9952 -1.0304
 245  0.845826  3.6937  1.9123  2.1815  0.9234 -0.0751 -0.6980 -0.9209 -1.0281 -1.0636
 246  0.845882  3.6916  1.8596  2.2256  0.8446 -0.1708 -0.8050 -1.0326 -1.1428 -1.1793
 247  0.845931  3.6895  1.8080  2.2687  0.7716 -0.2634 -0.9096 -1.1418 -1.2551 -1.2927
 248  0.845976  3.6874  1.7586  2.3098  0.7042 -0.3513 -1.0094 -1.2461 -1.3622 -1.4010
 249  0.846018  3.6855  1.7130  2.3477  0.6439 -0.4320 -1.1010 -1.3420 -1.4607 -1.5006
 250  0.846056  3.6837  1.6707  2.3830  0.5894 -0.5067 -1.1859 -1.4308 -1.5520 -1.5930
 251  0.846092  3.6818  1.6234  2.4222  0.5281 -0.5895 -1.2800 -1.5294 -1.6533 -1.6956
 252  0.846125  3.6797  1.5756  2.4621  0.4668 -0.6732 -1.3754 -1.6294 -1.7563 -1.7997
 253  0.846154  3.6778  1.5285  2.5012  0.4086 -0.7545 -1.4687 -1.7273 -1.8572 -1.9018
 254  0.846182  3.6757  1.4822  2.5392  0.3553 -0.8323 -1.5590 -1.8225 -1.9553 -2.0013
 255  0.846206  3.6736  1.4367  2.5765  0.3050 -0.9078 -1.6471 -1.9156 -2.0515 -2.0989
 256  0.846230  3.6715  1.3920  2.6130  0.2576 -0.9810 -1.7333 -2.0067 -2.1458 -2.1944
 257  0.846251  3.6695  1.3482  2.6486  0.2139 -1.0512 -1.8169 -2.0955 -2.2377 -2.2877
 258  0.846271  3.6674  1.3049  2.6838  0.1727 -1.1198 -1.8990 -2.1829 -2.3283 -2.3795
 259  0.846288  3.6655  1.2628  2.7179  0.1347 -1.1854 -1.9784 -2.2675 -2.4162 -2.4687
 260  0.846305  3.6635  1.2215  2.7513  0.0991 -1.2490 -2.0559 -2.3503 -2.5022 -2.5561
 261  0.846321  3.6615  1.1809  2.7841  0.0663 -1.3102 -2.1312 -2.4310 -2.5861 -2.6414
 262  0.846335  3.6596  1.1409  2.8163  0.0355 -1.3700 -2.2052 -2.5104 -2.6687 -2.7253
 263  0.846348  3.6577  1.1019  2.8476  0.0074 -1.4273 -2.2768 -2.5875 -2.7491 -2.8070
 264  0.846361  3.6558  1.0636  2.8784 -0.0185 -1.4826 -2.3466 -2.6627 -2.8276 -2.8869
 265  0.846373  3.6539  1.0258  2.9086 -0.0418 -1.5361 -2.4148 -2.7365 -2.9047 -2.9654
 266  0.846383  3.6519  0.9886  2.9380 -0.0607 -1.5864 -2.4805 -2.8081 -2.9797 -3.0417
 267  0.846394  3.6500  0.9519  2.9670 -0.0774 -1.6351 -2.5450 -2.8785 -3.0537 -3.1171
 268  0.846403  3.6481  0.9159  2.9953 -0.0923 -1.6820 -2.6075 -2.9470 -3.1256 -3.1904
 269  0.846412  3.6462  0.8804  3.0232 -0.1055 -1.7273 -2.6688 -3.0143 -3.1964 -3.2626
 270  0.846420  3.6443  0.8455  3.0505 -0.1169 -1.7708 -2.7284 -3.0800 -3.2656 -3.3331
 271  0.846428  3.6424  0.8113  3.0772 -0.1267 -1.8126 -2.7863 -3.1439 -3.3330 -3.4020
 272  0.846435  3.6406  0.7779  3.1033 -0.1355 -1.8531 -2.8428 -3.2065 -3.3991 -3.4693
 273  0.846443  3.6388  0.7451  3.1289 -0.1431 -1.8920 -2.8977 -3.2675 -3.4636 -3.5352
 274  0.846449  3.6370  0.7129  3.1540 -0.1496 -1.9296 -2.9514 -3.3272 -3.5267 -3.5997
 275  0.846455  3.6353  0.6815  3.1785 -0.1547 -1.9655 -3.0032 -3.3852 -3.5881 -3.6625
 276  0.846461  3.6336  0.6510  3.2023 -0.1589 -1.9998 -3.0535 -3.4414 -3.6478 -3.7234
 277  0.846467  3.6320  0.6214  3.2254 -0.1623 -2.0325 -3.1019 -3.4959 -3.7057 -3.7827
 278  0.846472  3.6305  0.5936  3.2472 -0.1654 -2.0632 -3.1474 -3.5471 -3.7601 -3.8382
