#NUMBER OF AGES= 1 MAGS= 6
#----------------------------------------------------       
#MIX-LEN  Y      Z          Zeff        [Fe/H] [a/Fe]
# 1.9380  0.2468 1.1135E-03 5.6676E-04  -1.49   0.40 
#----------------------------------------------------       
#**PHOTOMETRIC SYSTEM**: DECam (AB)
#----------------------------------------------------       
#AGE=11.300 EEPS=267
#EEP   M/Mo    LogTeff  LogG   LogL/Lo DECam_u DECam_g DECam_r DECam_i DECam_z DECam_Y
  12  0.105324  3.5276  5.3488 -2.8245 16.4874 14.1745 12.6284 11.6489 11.2758 11.1689
  13  0.116863  3.5340  5.2963 -2.7014 16.0511 13.7662 12.2341 11.3355 10.9787 10.8726
  14  0.130311  3.5407  5.2431 -2.5740 15.5915 13.3455 11.8316 11.0109 10.6700 10.5651
  15  0.146534  3.5480  5.1934 -2.4445 15.1192 12.9188 11.4275 10.6807 10.3556 10.2523
  16  0.164639  3.5551  5.1540 -2.3260 14.6821 12.5282 11.0619 10.3782 10.0677  9.9668
  17  0.182033  3.5610  5.1237 -2.2283 14.3259 12.2103 10.7676 10.1290  9.8298  9.7308
  18  0.197895  3.5653  5.0983 -2.1489 14.0446 11.9592 10.5354  9.9272  9.6361  9.5386
  19  0.213726  3.5689  5.0747 -2.0776 13.7989 11.7393 10.3322  9.7465  9.4617  9.3656
  20  0.230664  3.5722  5.0524 -2.0093 13.5673 11.5315 10.1403  9.5737  9.2943  9.1994
  21  0.247247  3.5750  5.0332 -1.9487 13.3633 11.3486  9.9718  9.4205  9.1460  9.0521
  22  0.263196  3.5774  5.0172 -1.8957 13.1855 11.1891  9.8255  9.2868  9.0162  8.9233
  23  0.278404  3.5796  5.0036 -1.8493 13.0303 11.0497  9.6978  9.1695  8.9022  8.8103
  24  0.291030  3.5813  4.9928 -1.8125 12.9071 10.9389  9.5969  9.0763  8.8119  8.7206
  25  0.301191  3.5825  4.9842 -1.7838 12.8111 10.8527  9.5185  9.0038  8.7415  8.6508
  26  0.308874  3.5835  4.9782 -1.7631 12.7424 10.7907  9.4622  8.9516  8.6908  8.6005
  27  0.314634  3.5841  4.9740 -1.7482 12.6932 10.7464  9.4219  8.9140  8.6544  8.5645
  28  0.319048  3.5846  4.9709 -1.7370 12.6558 10.7128  9.3915  8.8858  8.6269  8.5372
  29  0.322572  3.5850  4.9683 -1.7279 12.6255 10.6855  9.3667  8.8628  8.6047  8.5151
  30  0.325805  3.5854  4.9659 -1.7197 12.5972 10.6602  9.3441  8.8419  8.5844  8.4950
  31  0.329111  3.5858  4.9635 -1.7113 12.5684 10.6345  9.3210  8.8205  8.5638  8.4745
  32  0.332582  3.5863  4.9608 -1.7022 12.5381 10.6072  9.2964  8.7977  8.5416  8.4526
  33  0.336699  3.5868  4.9575 -1.6916 12.5028 10.5755  9.2678  8.7710  8.5157  8.4268
  34  0.341511  3.5873  4.9531 -1.6790 12.4613 10.5380  9.2337  8.7391  8.4847  8.3960
  35  0.347854  3.5881  4.9468 -1.6618 12.4053 10.4871  9.1872  8.6959  8.4426  8.3542
  36  0.371824  3.5917  4.9211 -1.5928 12.1672 10.2751  8.9992  8.5215  8.2739  8.1873
  37  0.407857  3.5995  4.8772 -1.4776 11.7443  9.9045  8.6805  8.2291  7.9936  7.9107
  38  0.421936  3.6031  4.8577 -1.4286 11.5618  9.7442  8.5447  8.1046  7.8747  7.7935
  39  0.433063  3.6065  4.8417 -1.3880 11.4097  9.6098  8.4314  8.0013  7.7762  7.6966
  40  0.443842  3.6100  4.8261 -1.3475 11.2561  9.4739  8.3181  7.8982  7.6784  7.6005
  41  0.455161  3.6142  4.8104 -1.3039 11.0883  9.3252  8.1957  7.7874  7.5737  7.4978
  42  0.466801  3.6192  4.7948 -1.2575 10.9050  9.1624  8.0642  7.6691  7.4626  7.3889
  43  0.477993  3.6246  4.7805 -1.2115 10.7181  8.9959  7.9321  7.5517  7.3531  7.2821
  44  0.488510  3.6301  4.7682 -1.1675 10.5331  8.8303  7.8036  7.4396  7.2499  7.1816
  45  0.498273  3.6356  4.7577 -1.1264 10.3552  8.6722  7.6829  7.3351  7.1542  7.0889
  46  0.507244  3.6411  4.7491 -1.0883 10.1847  8.5230  7.5705  7.2385  7.0666  7.0038
  47  0.515695  3.6467  4.7423 -1.0519 10.0127  8.3772  7.4621  7.1459  6.9828  6.9230
  48  0.524129  3.6526  4.7365 -1.0153  9.8310  8.2286  7.3526  7.0526  6.8986  6.8417
  49  0.532760  3.6590  4.7313 -0.9774  9.6369  8.0753  7.2400  6.9564  6.8119  6.7582
  50  0.541866  3.6658  4.7260 -0.9375  9.4262  7.9160  7.1223  6.8550  6.7202  6.6702
  51  0.551429  3.6728  4.7200 -0.8961  9.2037  7.7542  7.0015  6.7494  6.6243  6.5782
  52  0.556388  3.6764  4.7167 -0.8747  9.0891  7.6728  6.9400  6.6950  6.5749  6.5308
  53  0.561324  3.6799  4.7135 -0.8534  8.9756  7.5928  6.8792  6.6413  6.5258  6.4837
  54  0.566238  3.6834  4.7102 -0.8323  8.8633  7.5145  6.8191  6.5880  6.4771  6.4370
  55  0.571142  3.6869  4.7068 -0.8112  8.7526  7.4378  6.7598  6.5351  6.4288  6.3905
  56  0.576036  3.6904  4.7035 -0.7902  8.6435  7.3625  6.7011  6.4828  6.3807  6.3445
  57  0.580917  3.6939  4.6999 -0.7693  8.5363  7.2888  6.6432  6.4308  6.3331  6.2988
  58  0.585778  3.6972  4.6964 -0.7485  8.4311  7.2166  6.5861  6.3795  6.2860  6.2536
  59  0.590610  3.7005  4.6927 -0.7278  8.3287  7.1461  6.5299  6.3289  6.2395  6.2089
  60  0.595394  3.7038  4.6888 -0.7075  8.2291  7.0773  6.4748  6.2792  6.1937  6.1649
  61  0.600126  3.7070  4.6849 -0.6874  8.1322  7.0102  6.4208  6.2305  6.1487  6.1217
  62  0.604799  3.7101  4.6809 -0.6674  8.0382  6.9448  6.3680  6.1826  6.1045  6.0792
  63  0.609420  3.7131  4.6768 -0.6478  7.9469  6.8811  6.3161  6.1356  6.0608  6.0373
  64  0.613973  3.7162  4.6727 -0.6285  7.8578  6.8187  6.2653  6.0895  6.0182  5.9963
  65  0.618463  3.7191  4.6686 -0.6094  7.7713  6.7578  6.2155  6.0443  5.9764  5.9560
  66  0.622884  3.7220  4.6643 -0.5906  7.6877  6.6984  6.1668  6.0000  5.9353  5.9164
  67  0.627234  3.7248  4.6600 -0.5720  7.6065  6.6405  6.1192  5.9567  5.8949  5.8775
  68  0.631516  3.7275  4.6555 -0.5538  7.5279  6.5841  6.0726  5.9141  5.8554  5.8393
  69  0.635724  3.7301  4.6510 -0.5359  7.4516  6.5290  6.0270  5.8724  5.8166  5.8018
  70  0.639864  3.7326  4.6463 -0.5182  7.3778  6.4752  5.9823  5.8315  5.7785  5.7650
  71  0.643938  3.7351  4.6415 -0.5008  7.3063  6.4226  5.9385  5.7914  5.7410  5.7287
  72  0.647955  3.7375  4.6365 -0.4836  7.2370  6.3712  5.8955  5.7519  5.7041  5.6930
  73  0.651903  3.7398  4.6315 -0.4667  7.1698  6.3209  5.8534  5.7131  5.6677  5.6578
  74  0.655787  3.7421  4.6264 -0.4501  7.1045  6.2718  5.8120  5.6751  5.6320  5.6232
  75  0.659612  3.7442  4.6212 -0.4336  7.0409  6.2235  5.7714  5.6376  5.5968  5.5890
  76  0.663378  3.7463  4.6158 -0.4174  6.9794  6.1762  5.7314  5.6007  5.5620  5.5552
  77  0.667088  3.7484  4.6104 -0.4014  6.9194  6.1298  5.6921  5.5643  5.5276  5.5218
  78  0.670736  3.7503  4.6048 -0.3855  6.8611  6.0844  5.6533  5.5285  5.4937  5.4888
  79  0.674325  3.7522  4.5992 -0.3699  6.8041  6.0397  5.6153  5.4931  5.4602  5.4563
  80  0.677853  3.7541  4.5935 -0.3545  6.7487  5.9959  5.5777  5.4583  5.4272  5.4241
  81  0.681323  3.7559  4.5877 -0.3393  6.6946  5.9528  5.5407  5.4239  5.3946  5.3923
  82  0.686078  3.7584  4.5795 -0.3184  6.6210  5.8939  5.4899  5.3765  5.3498  5.3484
  83  0.690786  3.7607  4.5711 -0.2975  6.5488  5.8354  5.4395  5.3294  5.3049  5.3046
  84  0.695441  3.7630  4.5625 -0.2768  6.4776  5.7774  5.3892  5.2825  5.2603  5.2612
  85  0.700035  3.7652  4.5536 -0.2561  6.4080  5.7201  5.3393  5.2359  5.2157  5.2176
  86  0.704553  3.7674  4.5446 -0.2355  6.3394  5.6633  5.2898  5.1896  5.1714  5.1742
  87  0.708986  3.7695  4.5355 -0.2153  6.2721  5.6072  5.2408  5.1436  5.1275  5.1311
  88  0.713329  3.7716  4.5262 -0.1952  6.2063  5.5518  5.1923  5.0980  5.0839  5.0883
  89  0.717582  3.7736  4.5168 -0.1752  6.1418  5.4973  5.1442  5.0528  5.0405  5.0459
  90  0.721744  3.7755  4.5072 -0.1554  6.0785  5.4433  5.0967  5.0082  4.9976  5.0037
  91  0.725822  3.7774  4.4976 -0.1359  6.0164  5.3900  5.0495  4.9638  4.9548  4.9618
  92  0.729813  3.7793  4.4880 -0.1164  5.9552  5.3374  5.0029  4.9197  4.9124  4.9202
  93  0.733725  3.7811  4.4784 -0.0972  5.8951  5.2852  4.9565  4.8759  4.8703  4.8787
  94  0.737561  3.7829  4.4685 -0.0780  5.8358  5.2336  4.9105  4.8325  4.8284  4.8375
  95  0.741322  3.7846  4.4588 -0.0591  5.7773  5.1824  4.8649  4.7893  4.7867  4.7966
  96  0.745018  3.7863  4.4490 -0.0402  5.7194  5.1315  4.8195  4.7464  4.7453  4.7558
  97  0.748650  3.7880  4.4390 -0.0214  5.6622  5.0811  4.7743  4.7036  4.7040  4.7151
  98  0.752219  3.7896  4.4290 -0.0028  5.6056  5.0309  4.7294  4.6612  4.6628  4.6746
  99  0.755725  3.7912  4.4187  0.0158  5.5495  4.9810  4.6847  4.6188  4.6218  4.6343
 100  0.759166  3.7928  4.4085  0.0344  5.4940  4.9314  4.6404  4.5766  4.5811  4.5941
 101  0.762538  3.7943  4.3981  0.0527  5.4390  4.8821  4.5962  4.5349  4.5406  4.5541
 102  0.765836  3.7958  4.3876  0.0709  5.3848  4.8333  4.5524  4.4933  4.5002  4.5144
 103  0.769058  3.7972  4.3769  0.0891  5.3312  4.7849  4.5088  4.4519  4.4602  4.4747
 104  0.772204  3.7985  4.3661  0.1071  5.2785  4.7369  4.4654  4.4108  4.4201  4.4351
 105  0.775275  3.7998  4.3551  0.1249  5.2265  4.6895  4.4225  4.3698  4.3801  4.3958
 106  0.778270  3.8010  4.3440  0.1426  5.1753  4.6425  4.3797  4.3290  4.3404  4.3564
 107  0.781194  3.8022  4.3327  0.1601  5.1250  4.5961  4.3373  4.2884  4.3007  4.3171
 108  0.784053  3.8033  4.3213  0.1775  5.0755  4.5501  4.2951  4.2479  4.2611  4.2780
 109  0.786849  3.8044  4.3097  0.1948  5.0267  4.5048  4.2532  4.2078  4.2217  4.2390
 110  0.789589  3.8053  4.2979  0.2118  4.9788  4.4598  4.2117  4.1677  4.1824  4.2000
 111  0.792244  3.8062  4.2861  0.2288  4.9316  4.4155  4.1705  4.1280  4.1433  4.1612
 112  0.793109  3.8065  4.2821  0.2345  4.9154  4.4004  4.1565  4.1145  4.1301  4.1482
 113  0.793971  3.8069  4.2782  0.2403  4.8990  4.3851  4.1424  4.1011  4.1170  4.1351
 114  0.794830  3.8072  4.2743  0.2461  4.8825  4.3695  4.1282  4.0874  4.1036  4.1219
 115  0.795687  3.8076  4.2703  0.2520  4.8659  4.3541  4.1140  4.0737  4.0902  4.1087
 116  0.796542  3.8079  4.2663  0.2579  4.8492  4.3385  4.0996  4.0599  4.0767  4.0952
 117  0.797393  3.8083  4.2621  0.2638  4.8325  4.3228  4.0851  4.0459  4.0629  4.0816
 118  0.798238  3.8085  4.2577  0.2699  4.8158  4.3070  4.0703  4.0316  4.0489  4.0676
 119  0.799080  3.8088  4.2531  0.2760  4.7991  4.2910  4.0554  4.0171  4.0345  4.0534
 120  0.799915  3.8090  4.2483  0.2821  4.7824  4.2750  4.0402  4.0024  4.0200  4.0389
 121  0.800746  3.8092  4.2434  0.2883  4.7656  4.2588  4.0249  3.9874  4.0051  4.0241
 122  0.801572  3.8094  4.2384  0.2946  4.7486  4.2425  4.0093  3.9722  3.9901  4.0092
 123  0.802392  3.8096  4.2332  0.3010  4.7318  4.2262  3.9936  3.9569  3.9748  3.9939
 124  0.803206  3.8097  4.2279  0.3074  4.7148  4.2097  3.9778  3.9413  3.9593  3.9785
 125  0.804016  3.8098  4.2224  0.3139  4.6977  4.1931  3.9618  3.9255  3.9436  3.9629
 126  0.804817  3.8100  4.2169  0.3204  4.6805  4.1763  3.9456  3.9096  3.9278  3.9472
 127  0.805616  3.8101  4.2113  0.3270  4.6633  4.1594  3.9292  3.8935  3.9117  3.9312
 128  0.806411  3.8102  4.2056  0.3336  4.6460  4.1424  3.9127  3.8772  3.8955  3.9150
 129  0.807200  3.8103  4.1996  0.3402  4.6287  4.1254  3.8961  3.8607  3.8791  3.8986
 130  0.807985  3.8104  4.1936  0.3470  4.6114  4.1083  3.8793  3.8441  3.8625  3.8820
 131  0.808763  3.8104  4.1874  0.3538  4.5940  4.0911  3.8623  3.8274  3.8457  3.8652
 132  0.809536  3.8105  4.1810  0.3606  4.5766  4.0738  3.8453  3.8104  3.8286  3.8482
 133  0.810302  3.8104  4.1744  0.3675  4.5594  4.0564  3.8280  3.7931  3.8113  3.8308
 134  0.811061  3.8104  4.1676  0.3744  4.5420  4.0389  3.8106  3.7755  3.7937  3.8132
 135  0.811814  3.8103  4.1606  0.3814  4.5248  4.0215  3.7929  3.7578  3.7759  3.7953
 136  0.812558  3.8102  4.1535  0.3885  4.5076  4.0039  3.7751  3.7399  3.7578  3.7771
 137  0.813296  3.8100  4.1462  0.3956  4.4903  3.9862  3.7571  3.7217  3.7394  3.7588
 138  0.814025  3.8098  4.1386  0.4027  4.4731  3.9685  3.7389  3.7033  3.7208  3.7401
 139  0.814747  3.8096  4.1309  0.4099  4.4560  3.9506  3.7205  3.6846  3.7019  3.7211
 140  0.815459  3.8093  4.1229  0.4172  4.4389  3.9328  3.7020  3.6657  3.6827  3.7018
 141  0.816161  3.8090  4.1147  0.4246  4.4218  3.9149  3.6833  3.6466  3.6633  3.6823
 142  0.816855  3.8087  4.1063  0.4319  4.4049  3.8970  3.6644  3.6272  3.6436  3.6623
 143  0.817540  3.8083  4.0976  0.4394  4.3882  3.8792  3.6452  3.6074  3.6235  3.6421
 144  0.818213  3.8078  4.0886  0.4469  4.3716  3.8612  3.6259  3.5875  3.6031  3.6215
 145  0.818877  3.8073  4.0793  0.4544  4.3552  3.8433  3.6064  3.5672  3.5824  3.6007
 146  0.819529  3.8067  4.0697  0.4619  4.3389  3.8253  3.5867  3.5467  3.5613  3.5794
 147  0.820170  3.8060  4.0598  0.4695  4.3229  3.8074  3.5670  3.5260  3.5400  3.5579
 148  0.820800  3.8053  4.0495  0.4772  4.3071  3.7896  3.5469  3.5049  3.5184  3.5358
 149  0.821418  3.8044  4.0389  0.4849  4.2917  3.7718  3.5268  3.4836  3.4964  3.5135
 150  0.822023  3.8035  4.0279  0.4926  4.2765  3.7541  3.5065  3.4620  3.4740  3.4908
 151  0.822617  3.8025  4.0165  0.5004  4.2618  3.7365  3.4860  3.4402  3.4513  3.4678
 152  0.823197  3.8014  4.0045  0.5082  4.2475  3.7192  3.4655  3.4181  3.4281  3.4442
 153  0.823765  3.8002  3.9921  0.5160  4.2339  3.7021  3.4448  3.3957  3.4048  3.4203
 154  0.824319  3.7988  3.9790  0.5238  4.2209  3.6852  3.4240  3.3729  3.3809  3.3958
 155  0.824861  3.7973  3.9652  0.5316  4.2088  3.6686  3.4031  3.3498  3.3565  3.3709
 156  0.825388  3.7955  3.9505  0.5395  4.1983  3.6527  3.3821  3.3264  3.3315  3.3451
 157  0.825900  3.7933  3.9343  0.5472  4.1901  3.6380  3.3612  3.3023  3.3055  3.3182
 158  0.826397  3.7909  3.9172  0.5549  4.1838  3.6240  3.3401  3.2777  3.2788  3.2904
 159  0.826881  3.7882  3.8989  0.5624  4.1799  3.6111  3.3189  3.2526  3.2513  3.2619
 160  0.827357  3.7851  3.8796  0.5698  4.1783  3.5990  3.2978  3.2271  3.2231  3.2324
 161  0.827817  3.7816  3.8586  0.5771  4.1808  3.5889  3.2768  3.2011  3.1940  3.2018
 162  0.828222  3.7778  3.8370  0.5835  4.1883  3.5821  3.2579  3.1765  3.1659  3.1721
 163  0.828627  3.7740  3.8156  0.5899  4.1968  3.5756  3.2393  3.1524  3.1383  3.1430
 164  0.829033  3.7702  3.7943  0.5963  4.2063  3.5694  3.2211  3.1286  3.1110  3.1139
 165  0.829444  3.7667  3.7741  0.6027  4.2145  3.5627  3.2030  3.1053  3.0844  3.0858
 166  0.829859  3.7636  3.7553  0.6093  4.2202  3.5548  3.1850  3.0826  3.0587  3.0588
 167  0.830270  3.7605  3.7360  0.6161  4.2271  3.5471  3.1663  3.0590  3.0320  3.0305
 168  0.830670  3.7571  3.7157  0.6234  4.2344  3.5388  3.1465  3.0340  3.0037  3.0009
 169  0.831056  3.7539  3.6946  0.6317  4.2402  3.5285  3.1248  3.0073  2.9736  2.9693
 170  0.831417  3.7508  3.6733  0.6410  4.2417  3.5148  3.1007  2.9785  2.9418  2.9360
 171  0.831753  3.7481  3.6522  0.6513  4.2382  3.4977  3.0743  2.9480  2.9085  2.9014
 172  0.832060  3.7457  3.6317  0.6625  4.2293  3.4769  3.0460  2.9163  2.8743  2.8662
 173  0.832344  3.7437  3.6119  0.6744  4.2162  3.4536  3.0164  2.8836  2.8397  2.8305
 174  0.832610  3.7420  3.5929  0.6867  4.1997  3.4284  2.9855  2.8504  2.8047  2.7947
 175  0.832859  3.7405  3.5744  0.6994  4.1808  3.4017  2.9541  2.8167  2.7694  2.7588
 176  0.833096  3.7392  3.5565  0.7123  4.1595  3.3739  2.9220  2.7828  2.7341  2.7228
 177  0.833324  3.7381  3.5389  0.7253  4.1371  3.3453  2.8897  2.7488  2.6989  2.6870
 178  0.833543  3.7371  3.5219  0.7385  4.1128  3.3159  2.8570  2.7145  2.6636  2.6513
 179  0.833755  3.7362  3.5052  0.7518  4.0875  3.2858  2.8241  2.6803  2.6284  2.6156
 180  0.833964  3.7353  3.4886  0.7651  4.0618  3.2556  2.7910  2.6459  2.5931  2.5799
 181  0.834167  3.7345  3.4722  0.7785  4.0353  3.2250  2.7578  2.6116  2.5578  2.5442
 182  0.834383  3.7338  3.4548  0.7930  4.0058  3.1915  2.7218  2.5744  2.5197  2.5058
 183  0.834599  3.7330  3.4373  0.8078  3.9754  3.1573  2.6852  2.5367  2.4813  2.4670
 184  0.834813  3.7324  3.4198  0.8227  3.9442  3.1226  2.6482  2.4986  2.4424  2.4277
 185  0.835027  3.7317  3.4024  0.8378  3.9123  3.0873  2.6108  2.4602  2.4033  2.3883
 186  0.835240  3.7311  3.3849  0.8530  3.8796  3.0516  2.5730  2.4216  2.3639  2.3486
 187  0.835452  3.7306  3.3674  0.8683  3.8463  3.0153  2.5350  2.3826  2.3244  2.3087
 188  0.835664  3.7301  3.3500  0.8837  3.8125  2.9789  2.4968  2.3435  2.2846  2.2687
 189  0.835876  3.7296  3.3325  0.8994  3.7783  2.9420  2.4581  2.3040  2.2445  2.2284
 190  0.836086  3.7291  3.3149  0.9151  3.7434  2.9045  2.4191  2.2642  2.2041  2.1877
 191  0.836296  3.7286  3.2972  0.9311  3.7077  2.8666  2.3795  2.2239  2.1632  2.1465
 192  0.836505  3.7281  3.2793  0.9472  3.6717  2.8281  2.3394  2.1830  2.1218  2.1049
 193  0.836712  3.7277  3.2611  0.9636  3.6351  2.7891  2.2987  2.1416  2.0799  2.0627
 194  0.836918  3.7272  3.2427  0.9801  3.5978  2.7495  2.2576  2.0997  2.0374  2.0200
 195  0.837122  3.7268  3.2242  0.9969  3.5601  2.7094  2.2159  2.0572  1.9944  1.9767
 196  0.837325  3.7263  3.2053  1.0141  3.5215  2.6684  2.1734  2.0139  1.9504  1.9326
 197  0.837523  3.7258  3.1858  1.0320  3.4812  2.6258  2.1291  1.9689  1.9050  1.8868
 198  0.837714  3.7254  3.1653  1.0507  3.4387  2.5809  2.0827  1.9217  1.8572  1.8388
 199  0.837899  3.7249  3.1438  1.0702  3.3948  2.5343  2.0343  1.8724  1.8073  1.7887
 200  0.838078  3.7243  3.1217  1.0903  3.3495  2.4862  1.9844  1.8217  1.7559  1.7369
 201  0.838254  3.7238  3.0989  1.1110  3.3033  2.4369  1.9332  1.7696  1.7031  1.6839
 202  0.838424  3.7232  3.0756  1.1321  3.2559  2.3866  1.8809  1.7163  1.6491  1.6296
 203  0.838588  3.7226  3.0519  1.1536  3.2077  2.3352  1.8275  1.6619  1.5941  1.5742
 204  0.838749  3.7221  3.0275  1.1756  3.1584  2.2828  1.7730  1.6065  1.5378  1.5176
 205  0.838905  3.7214  3.0028  1.1980  3.1086  2.2295  1.7175  1.5499  1.4805  1.4601
 206  0.839059  3.7207  2.9773  1.2208  3.0588  2.1757  1.6614  1.4926  1.4224  1.4016
 207  0.839205  3.7200  2.9513  1.2438  3.0083  2.1211  1.6043  1.4344  1.3633  1.3420
 208  0.839347  3.7192  2.9248  1.2673  2.9573  2.0658  1.5464  1.3752  1.3032  1.2815
 209  0.839485  3.7184  2.8980  1.2911  2.9060  2.0098  1.4877  1.3153  1.2423  1.2201
 210  0.839618  3.7176  2.8706  1.3151  2.8544  1.9533  1.4283  1.2545  1.1805  1.1579
 211  0.839747  3.7168  2.8429  1.3396  2.8022  1.8961  1.3682  1.1931  1.1180  1.0950
 212  0.839872  3.7159  2.8148  1.3642  2.7499  1.8383  1.3074  1.1309  1.0548  1.0313
 213  0.839991  3.7150  2.7863  1.3891  2.6974  1.7803  1.2461  1.0681  0.9908  0.9668
 214  0.840106  3.7140  2.7574  1.4143  2.6448  1.7217  1.1841  1.0046  0.9262  0.9016
 215  0.840217  3.7130  2.7279  1.4397  2.5932  1.6631  1.1218  0.9405  0.8608  0.8357
 216  0.840324  3.7119  2.6981  1.4653  2.5411  1.6042  1.0590  0.8759  0.7949  0.7692
 217  0.840342  3.7117  2.6929  1.4697  2.5325  1.5943  1.0483  0.8648  0.7836  0.7577
 218  0.840359  3.7115  2.6878  1.4742  2.5234  1.5840  1.0374  0.8536  0.7722  0.7462
 219  0.840377  3.7114  2.6829  1.4786  2.5134  1.5733  1.0263  0.8424  0.7608  0.7348
 220  0.840394  3.7113  2.6781  1.4832  2.5031  1.5625  1.0152  0.8312  0.7495  0.7234
 221  0.840412  3.7112  2.6729  1.4877  2.4938  1.5520  1.0042  0.8199  0.7380  0.7118
 222  0.840429  3.7110  2.6677  1.4922  2.4847  1.5416  0.9931  0.8086  0.7264  0.7001
 223  0.840446  3.7108  2.6625  1.4967  2.4754  1.5312  0.9821  0.7971  0.7148  0.6884
 224  0.840463  3.7106  2.6572  1.5012  2.4661  1.5207  0.9709  0.7856  0.7031  0.6766
 225  0.840480  3.7105  2.6520  1.5058  2.4567  1.5102  0.9597  0.7742  0.6914  0.6649
 226  0.840498  3.7103  2.6467  1.5104  2.4472  1.4995  0.9484  0.7626  0.6797  0.6530
 227  0.840665  3.7083  2.5916  1.5574  2.3540  1.3921  0.8334  0.6440  0.5584  0.5306
 228  0.840812  3.7065  2.5393  1.6025  2.2642  1.2891  0.7232  0.5306  0.4428  0.4140
 229  0.840949  3.7044  2.4856  1.6483  2.1746  1.1849  0.6112  0.4151  0.3248  0.2949
 230  0.841077  3.7023  2.4311  1.6943  2.0874  1.0815  0.4991  0.2989  0.2059  0.1748
 231  0.841188  3.7002  2.3788  1.7382  2.0059  0.9836  0.3923  0.1883  0.0925  0.0602
 232  0.841295  3.6980  2.3247  1.7836  1.9235  0.8832  0.2823  0.0741 -0.0245 -0.0580
 233  0.841390  3.6958  2.2734  1.8264  1.8472  0.7890  0.1785 -0.0337 -0.1351 -0.1698
 234  0.841477  3.6936  2.2221  1.8689  1.7729  0.6960  0.0757 -0.1408 -0.2450 -0.2810
 235  0.841559  3.6914  2.1707  1.9114  1.7004  0.6037 -0.0266 -0.2476 -0.3548 -0.3920
 236  0.841633  3.6894  2.1240  1.9500  1.6356  0.5204 -0.1194 -0.3444 -0.4543 -0.4927
 237  0.841702  3.6878  2.0855  1.9821  1.5818  0.4512 -0.1963 -0.4246 -0.5368 -0.5760
 238  0.841767  3.6873  2.0725  1.9934  1.5607  0.4259 -0.2238 -0.4529 -0.5656 -0.6053
 239  0.841835  3.6885  2.0893  1.9812  1.5733  0.4488 -0.1957 -0.4225 -0.5337 -0.5726
 240  0.841908  3.6862  2.0397  2.0219  1.5076  0.3620 -0.2929 -0.5243 -0.6386 -0.6788
 241  0.841973  3.6834  1.9788  2.0716  1.4300  0.2570 -0.4112 -0.6484 -0.7665 -0.8084
 242  0.842032  3.6806  1.9195  2.1196  1.3586  0.1572 -0.5246 -0.7675 -0.8897 -0.9333
 243  0.842086  3.6778  1.8615  2.1663  1.2907  0.0606 -0.6344 -0.8832 -1.0094 -1.0547
 244  0.842134  3.6750  1.8046  2.2121  1.2266 -0.0331 -0.7416 -0.9963 -1.1266 -1.1736
 245  0.842177  3.6723  1.7490  2.2568  1.1661 -0.1235 -0.8458 -1.1065 -1.2408 -1.2895
 246  0.842216  3.6696  1.6946  2.3005  1.1090 -0.2111 -0.9475 -1.2141 -1.3523 -1.4028
 247  0.842251  3.6669  1.6419  2.3426  1.0563 -0.2946 -1.0452 -1.3177 -1.4599 -1.5121
 248  0.842283  3.6643  1.5896  2.3843  1.0059 -0.3766 -1.1418 -1.4205 -1.5664 -1.6203
 249  0.842312  3.6617  1.5385  2.4251  0.9589 -0.4558 -1.2359 -1.5206 -1.6706 -1.7261
 250  0.842338  3.6592  1.4889  2.4646  0.9154 -0.5316 -1.3263 -1.6172 -1.7710 -1.8281
 251  0.842363  3.6566  1.4389  2.5040  0.8764 -0.6053 -1.4158 -1.7130 -1.8711 -1.9300
 252  0.842385  3.6540  1.3905  2.5420  0.8411 -0.6752 -1.5014 -1.8051 -1.9672 -2.0280
 253  0.842406  3.6514  1.3426  2.5795  0.8084 -0.7432 -1.5853 -1.8955 -2.0620 -2.1244
 254  0.842425  3.6488  1.2958  2.6161  0.7787 -0.8082 -1.6665 -1.9833 -2.1539 -2.2183
 255  0.842442  3.6463  1.2500  2.6517  0.7517 -0.8706 -1.7451 -2.0685 -2.2435 -2.3095
 256  0.842458  3.6437  1.2049  2.6868  0.7272 -0.9310 -1.8219 -2.1520 -2.3312 -2.3991
 257  0.842473  3.6413  1.1608  2.7209  0.7054 -0.9887 -1.8962 -2.2330 -2.4166 -2.4861
 258  0.842486  3.6388  1.1170  2.7548  0.6855 -1.0450 -1.9693 -2.3130 -2.5008 -2.5723
 259  0.842499  3.6363  1.0747  2.7873  0.6682 -1.0980 -2.0393 -2.3897 -2.5819 -2.6552
 260  0.842511  3.6339  1.0328  2.8195  0.6525 -1.1496 -2.1080 -2.4654 -2.6618 -2.7368
 261  0.842521  3.6316  0.9921  2.8508  0.6390 -1.1986 -2.1743 -2.5384 -2.7392 -2.8160
 262  0.842532  3.6291  0.9514  2.8817  0.6293 -1.2451 -2.2389 -2.6102 -2.8155 -2.8940
 263  0.842542  3.6267  0.9118  2.9117  0.6212 -1.2891 -2.3011 -2.6796 -2.8891 -2.9696
 264  0.842550  3.6243  0.8728  2.9413  0.6143 -1.3318 -2.3620 -2.7477 -2.9617 -3.0439
 265  0.842558  3.6220  0.8345  2.9702  0.6085 -1.3725 -2.4212 -2.8141 -3.0325 -3.1165
 266  0.842567  3.6198  0.7974  2.9983  0.6038 -1.4111 -2.4783 -2.8782 -3.1010 -3.1867
 267  0.842574  3.6175  0.7605  3.0262  0.5999 -1.4486 -2.5345 -2.9416 -3.1688 -3.2562
 268  0.842580  3.6153  0.7247  3.0533  0.5967 -1.4842 -2.5888 -3.0029 -3.2345 -3.3236
 269  0.842587  3.6131  0.6894  3.0799  0.5940 -1.5185 -2.6417 -3.0630 -3.2989 -3.3898
 270  0.842593  3.6110  0.6550  3.1059  0.5918 -1.5512 -2.6929 -3.1214 -3.3616 -3.4542
 271  0.842598  3.6090  0.6215  3.1312  0.5893 -1.5825 -2.7426 -3.1783 -3.4227 -3.5169
 272  0.842604  3.6070  0.5886  3.1561  0.5876 -1.6123 -2.7909 -3.2337 -3.4824 -3.5781
 273  0.842609  3.6050  0.5562  3.1806  0.5858 -1.6411 -2.8380 -3.2882 -3.5411 -3.6384
 274  0.842614  3.6031  0.5249  3.2043  0.5842 -1.6682 -2.8833 -3.3407 -3.5978 -3.6967
 275  0.842618  3.6011  0.4940  3.2277  0.5832 -1.6940 -2.9279 -3.3923 -3.6534 -3.7538
 276  0.842623  3.5992  0.4639  3.2503  0.5863 -1.7157 -2.9706 -3.4414 -3.7066 -3.8086
 277  0.842627  3.5974  0.4345  3.2725  0.5885 -1.7368 -3.0123 -3.4895 -3.7588 -3.8620
 278  0.842631  3.5957  0.4063  3.2936  0.5910 -1.7561 -3.0516 -3.5352 -3.8083 -3.9132
