#NUMBER OF AGES= 1 MAGS= 6
#----------------------------------------------------       
#MIX-LEN  Y      Z          Zeff        [Fe/H] [a/Fe]
# 1.9380  0.2550 6.2105E-03 3.1612E-03  -0.72   0.40 
#----------------------------------------------------       
#**PHOTOMETRIC SYSTEM**: DECam (AB)
#----------------------------------------------------       
#AGE= 6.200 EEPS=270
#EEP   M/Mo    LogTeff  LogG   LogL/Lo DECam_u DECam_g DECam_r DECam_i DECam_z DECam_Y
  10  0.119124  3.5142  5.2591 -2.7353 16.1022 14.1744 12.7668 11.4984 11.0093 10.8712
  11  0.138344  3.5154  5.1891 -2.5955 15.7106 13.7980 12.3967 11.1476 10.6614 10.5226
  12  0.167864  3.5192  5.1217 -2.4290 15.2208 13.3171 11.9268 10.7226 10.2477 10.1100
  13  0.200707  3.5256  5.0763 -2.2800 14.7512 12.8471 11.4715 10.3342  9.8788  9.7443
  14  0.224698  3.5302  5.0474 -2.1840 14.4463 12.5420 11.1759 10.0837  9.6416  9.5098
  15  0.243883  3.5336  5.0263 -2.1136 14.2215 12.3177 10.9590  9.9001  9.4679  9.3383
  16  0.262074  3.5367  5.0083 -2.0524 14.0269 12.1233 10.7715  9.7408  9.3174  9.1897
  17  0.278634  3.5393  4.9929 -1.9998 13.8597 11.9568 10.6108  9.6041  9.1880  9.0620
  18  0.291979  3.5414  4.9803 -1.9583 13.7283 11.8264 10.4848  9.4966  9.0863  8.9615
  19  0.301771  3.5429  4.9702 -1.9277 13.6324 11.7311 10.3927  9.4179  9.0116  8.8878
  20  0.308944  3.5440  4.9621 -1.9050 13.5618 11.6610 10.3248  9.3595  8.9561  8.8330
  21  0.314261  3.5448  4.9559 -1.8880 13.5093 11.6087 10.2743  9.3158  8.9146  8.7920
  22  0.318358  3.5454  4.9508 -1.8751 13.4695 11.5693 10.2360  9.2825  8.8828  8.7606
  23  0.321789  3.5459  4.9467 -1.8643 13.4364 11.5364 10.2042  9.2550  8.8566  8.7347
  24  0.325004  3.5463  4.9431 -1.8545 13.4060 11.5061 10.1749  9.2296  8.8326  8.7109
  25  0.328911  3.5470  4.9397 -1.8436 13.3717 11.4718 10.1417  9.2014  8.8060  8.6847
  26  0.334259  3.5477  4.9354 -1.8288 13.3255 11.4253 10.0971  9.1634  8.7702  8.6495
  27  0.342417  3.5490  4.9292 -1.8073 13.2578 11.3573 10.0317  9.1078  8.7179  8.5980
  28  0.404633  3.5618  4.8736 -1.6294 12.6847 10.7674  9.4688  8.6431  8.2887  8.1783
  29  0.435212  3.5694  4.8396 -1.5316 12.3595 10.4432  9.1573  8.3924  8.0577  7.9519
  30  0.449230  3.5734  4.8228 -1.4847 12.2056 10.2839  9.0034  8.2717  7.9483  7.8451
  31  0.455715  3.5759  4.8138 -1.4599 12.1221 10.1949  8.9148  8.2080  7.8921  7.7904
  32  0.466433  3.5794  4.8009 -1.4231 11.9978 10.0681  8.7933  8.1136  7.8068  7.7072
  33  0.477797  3.5832  4.7872 -1.3837 11.8624  9.9313  8.6642  8.0123  7.7154  7.6182
  34  0.489318  3.5873  4.7736 -1.3433 11.7219  9.7899  8.5324  7.9086  7.6221  7.5273
  35  0.500359  3.5914  4.7610 -1.3042 11.5846  9.6521  8.4063  7.8085  7.5321  7.4395
  36  0.510915  3.5956  4.7496 -1.2669 11.4529  9.5189  8.2861  7.7128  7.4460  7.3557
  37  0.521384  3.5999  4.7388 -1.2300 11.3228  9.3854  8.1660  7.6178  7.3611  7.2732
  38  0.532495  3.6048  4.7280 -1.1908 11.1842  9.2406  8.0363  7.5163  7.2710  7.1859
  39  0.544422  3.6102  4.7170 -1.1483 11.0327  9.0808  7.8953  7.4064  7.1738  7.0916
  40  0.557675  3.6167  4.7058 -1.1008 10.8602  8.8979  7.7381  7.2836  7.0657  6.9868
  41  0.572851  3.6247  4.6946 -1.0463 10.6523  8.6820  7.5585  7.1429  6.9420  6.8670
  42  0.589581  3.6342  4.6844 -0.9858 10.3989  8.4321  7.3588  6.9866  6.8050  6.7345
  43  0.606905  3.6447  4.6761 -0.9229 10.1015  8.1631  7.1527  6.8237  6.6617  6.5965
  44  0.624122  3.6553  4.6688 -0.8608  9.7735  7.8949  6.9540  6.6621  6.5177  6.4583
  45  0.640962  3.6657  4.6618 -0.8008  9.4350  7.6392  6.7676  6.5053  6.3762  6.3228
  46  0.657876  3.6759  4.6547 -0.7417  9.0901  7.3946  6.5901  6.3518  6.2366  6.1892
  47  0.675003  3.6857  4.6470 -0.6835  8.7507  7.1637  6.4213  6.2030  6.1005  6.0590
  48  0.691722  3.6949  4.6387 -0.6280  8.4475  6.9540  6.2638  6.0628  5.9719  5.9357
  49  0.707156  3.7032  4.6304 -0.5771  8.1909  6.7701  6.1216  5.9356  5.8549  5.8233
  50  0.720841  3.7104  4.6222 -0.5315  7.9670  6.6109  5.9968  5.8234  5.7515  5.7239
  51  0.732625  3.7166  4.6145 -0.4920  7.7732  6.4764  5.8904  5.7273  5.6627  5.6384
  52  0.738500  3.7197  4.6104 -0.4722  7.6768  6.4101  5.8378  5.6797  5.6186  5.5960
  53  0.744280  3.7227  4.6061 -0.4527  7.5834  6.3460  5.7866  5.6332  5.5755  5.5545
  54  0.750000  3.7256  4.6019 -0.4336  7.4928  6.2835  5.7365  5.5877  5.5333  5.5138
  55  0.755688  3.7283  4.5976 -0.4147  7.4047  6.2226  5.6875  5.5431  5.4918  5.4738
  56  0.761370  3.7310  4.5930 -0.3961  7.3194  6.1632  5.6393  5.4991  5.4510  5.4343
  57  0.767049  3.7337  4.5885 -0.3778  7.2361  6.1051  5.5920  5.4560  5.4107  5.3954
  58  0.772738  3.7363  4.5839 -0.3596  7.1551  6.0482  5.5456  5.4134  5.3709  5.3569
  59  0.778439  3.7388  4.5790 -0.3415  7.0760  5.9923  5.4994  5.3711  5.3313  5.3185
  60  0.784140  3.7413  4.5740 -0.3235  6.9987  5.9373  5.4540  5.3292  5.2920  5.2805
  61  0.789819  3.7436  4.5690 -0.3057  6.9230  5.8834  5.4091  5.2877  5.2530  5.2427
  62  0.795462  3.7460  4.5637 -0.2880  6.8492  5.8302  5.3646  5.2466  5.2143  5.2052
  63  0.801058  3.7482  4.5582 -0.2705  6.7770  5.7780  5.3206  5.2058  5.1758  5.1680
  64  0.806586  3.7504  4.5526 -0.2530  6.7064  5.7265  5.2772  5.1655  5.1377  5.1310
  65  0.812043  3.7526  4.5469 -0.2358  6.6375  5.6759  5.2344  5.1257  5.1000  5.0943
  66  0.817422  3.7546  4.5409 -0.2188  6.5699  5.6261  5.1922  5.0865  5.0629  5.0582
  67  0.822726  3.7567  4.5349 -0.2019  6.5042  5.5772  5.1507  5.0477  5.0263  5.0226
  68  0.827948  3.7586  4.5287 -0.1852  6.4402  5.5291  5.1099  5.0096  4.9900  4.9873
  69  0.833103  3.7605  4.5224 -0.1688  6.3775  5.4819  5.0697  4.9721  4.9544  4.9525
  70  0.838194  3.7622  4.5159 -0.1525  6.3166  5.4355  5.0301  4.9351  4.9191  4.9181
  71  0.843229  3.7640  4.5095 -0.1364  6.2573  5.3899  4.9911  4.8985  4.8842  4.8840
  72  0.848211  3.7657  4.5028 -0.1206  6.1995  5.3450  4.9525  4.8623  4.8497  4.8502
  73  0.853126  3.7673  4.4961 -0.1049  6.1432  5.3010  4.9144  4.8267  4.8156  4.8168
  74  0.857990  3.7688  4.4894 -0.0895  6.0886  5.2576  4.8768  4.7913  4.7816  4.7836
  75  0.862792  3.7703  4.4826 -0.0742  6.0353  5.2148  4.8395  4.7562  4.7479  4.7506
  76  0.867539  3.7718  4.4756 -0.0591  5.9833  5.1728  4.8027  4.7214  4.7146  4.7178
  77  0.872205  3.7732  4.4688 -0.0442  5.9325  5.1313  4.7663  4.6870  4.6815  4.6854
  78  0.876796  3.7746  4.4618 -0.0295  5.8831  5.0907  4.7304  4.6530  4.6488  4.6533
  79  0.881304  3.7759  4.4548 -0.0150  5.8348  5.0506  4.6949  4.6195  4.6165  4.6215
  80  0.885721  3.7772  4.4479 -0.0006  5.7875  5.0112  4.6600  4.5864  4.5846  4.5902
  81  0.890049  3.7785  4.4411  0.0134  5.7412  4.9726  4.6256  4.5538  4.5532  4.5594
  82  0.894384  3.7798  4.4341  0.0277  5.6949  4.9336  4.5910  4.5210  4.5215  4.5281
  83  0.898604  3.7810  4.4272  0.0415  5.6498  4.8955  4.5571  4.4888  4.4904  4.4976
  84  0.902709  3.7822  4.4203  0.0552  5.6057  4.8583  4.5239  4.4573  4.4600  4.4677
  85  0.906705  3.7833  4.4135  0.0686  5.5626  4.8219  4.4915  4.4266  4.4304  4.4385
  86  0.910602  3.7845  4.4069  0.0817  5.5207  4.7863  4.4597  4.3964  4.4011  4.4097
  87  0.914408  3.7856  4.4001  0.0946  5.4796  4.7514  4.4285  4.3668  4.3724  4.3815
  88  0.918127  3.7867  4.3935  0.1072  5.4394  4.7171  4.3979  4.3376  4.3442  4.3537
  89  0.921764  3.7877  4.3868  0.1197  5.4002  4.6836  4.3678  4.3090  4.3163  4.3263
  90  0.925324  3.7887  4.3802  0.1319  5.3618  4.6506  4.3382  4.2808  4.2889  4.2993
  91  0.928808  3.7895  4.3735  0.1440  5.3243  4.6183  4.3091  4.2529  4.2619  4.2728
  92  0.932219  3.7905  4.3669  0.1558  5.2876  4.5866  4.2805  4.2256  4.2353  4.2465
  93  0.935556  3.7913  4.3602  0.1675  5.2518  4.5554  4.2522  4.1986  4.2090  4.2205
  94  0.938818  3.7922  4.3536  0.1789  5.2167  4.5248  4.2245  4.1721  4.1831  4.1950
  95  0.942007  3.7930  4.3469  0.1902  5.1826  4.4947  4.1972  4.1459  4.1576  4.1698
  96  0.945117  3.7937  4.3403  0.2012  5.1492  4.4654  4.1705  4.1202  4.1325  4.1450
  97  0.948147  3.7944  4.3338  0.2120  5.1167  4.4366  4.1441  4.0950  4.1079  4.1207
  98  0.951057  3.7951  4.3274  0.2226  5.0852  4.4087  4.1186  4.0705  4.0839  4.0970
  99  0.953806  3.7957  4.3211  0.2327  5.0550  4.3818  4.0941  4.0469  4.0608  4.0742
 100  0.956393  3.7964  4.3151  0.2424  5.0260  4.3560  4.0705  4.0243  4.0387  4.0523
 101  0.958883  3.7970  4.3093  0.2518  4.9978  4.3310  4.0476  4.0023  4.0172  4.0310
 102  0.961456  3.7976  4.3032  0.2614  4.9696  4.3057  4.0243  3.9799  3.9952  4.0092
 103  0.964133  3.7982  4.2969  0.2710  4.9412  4.2801  4.0008  3.9571  3.9729  3.9871
 104  0.966836  3.7986  4.2906  0.2807  4.9133  4.2548  3.9774  3.9345  3.9506  3.9651
 105  0.969537  3.7992  4.2843  0.2901  4.8859  4.2299  3.9542  3.9121  3.9285  3.9433
 106  0.972182  3.7996  4.2782  0.2994  4.8592  4.2056  3.9316  3.8902  3.9070  3.9219
 107  0.974799  3.8001  4.2718  0.3085  4.8332  4.1817  3.9093  3.8685  3.8856  3.9007
 108  0.977400  3.8004  4.2655  0.3175  4.8077  4.1581  3.8871  3.8470  3.8643  3.8796
 109  0.979955  3.8008  4.2591  0.3265  4.7825  4.1347  3.8652  3.8256  3.8432  3.8586
 110  0.982427  3.8012  4.2529  0.3354  4.7575  4.1117  3.8435  3.8044  3.8223  3.8378
 111  0.984825  3.8016  4.2466  0.3441  4.7327  4.0888  3.8219  3.7836  3.8017  3.8173
 112  0.986338  3.8017  4.2427  0.3496  4.7174  4.0745  3.8085  3.7704  3.7887  3.8044
 113  0.987863  3.8020  4.2387  0.3551  4.7018  4.0601  3.7948  3.7572  3.7756  3.7914
 114  0.989398  3.8022  4.2346  0.3608  4.6861  4.0455  3.7810  3.7436  3.7623  3.7781
 115  0.990939  3.8024  4.2303  0.3665  4.6703  4.0306  3.7669  3.7299  3.7487  3.7646
 116  0.992485  3.8026  4.2259  0.3723  4.6543  4.0156  3.7527  3.7159  3.7348  3.7509
 117  0.994031  3.8027  4.2216  0.3782  4.6382  4.0005  3.7383  3.7019  3.7209  3.7370
 118  0.995562  3.8029  4.2170  0.3840  4.6220  3.9852  3.7238  3.6877  3.7068  3.7230
 119  0.997064  3.8031  4.2125  0.3899  4.6058  3.9700  3.7092  3.6734  3.6926  3.7089
 120  0.998562  3.8032  4.2079  0.3959  4.5893  3.9545  3.6944  3.6589  3.6782  3.6946
 121  1.000062  3.8035  4.2031  0.4020  4.5727  3.9388  3.6795  3.6442  3.6636  3.6801
 122  1.001566  3.8036  4.1984  0.4081  4.5560  3.9230  3.6644  3.6294  3.6489  3.6654
 123  1.003045  3.8038  4.1934  0.4142  4.5391  3.9071  3.6491  3.6143  3.6339  3.6505
 124  1.004513  3.8039  4.1885  0.4204  4.5220  3.8909  3.6336  3.5991  3.6188  3.6354
 125  1.005986  3.8040  4.1834  0.4268  4.5047  3.8746  3.6180  3.5837  3.6036  3.6203
 126  1.007460  3.8042  4.1783  0.4332  4.4876  3.8583  3.6023  3.5683  3.5882  3.6050
 127  1.008935  3.8044  4.1730  0.4395  4.4703  3.8419  3.5865  3.5527  3.5727  3.5895
 128  1.010412  3.8045  4.1678  0.4459  4.4529  3.8253  3.5705  3.5369  3.5570  3.5739
 129  1.011890  3.8046  4.1625  0.4525  4.4354  3.8087  3.5544  3.5211  3.5413  3.5581
 130  1.013370  3.8047  4.1569  0.4589  4.4182  3.7920  3.5381  3.5050  3.5252  3.5421
 131  1.014851  3.8047  4.1510  0.4655  4.4012  3.7754  3.5217  3.4887  3.5089  3.5258
 132  1.016332  3.8048  4.1451  0.4721  4.3842  3.7586  3.5052  3.4722  3.4924  3.5093
 133  1.017817  3.8047  4.1391  0.4787  4.3672  3.7418  3.4886  3.4556  3.4757  3.4926
 134  1.019298  3.8047  4.1329  0.4855  4.3502  3.7250  3.4717  3.4388  3.4588  3.4758
 135  1.020778  3.8046  4.1266  0.4922  4.3333  3.7081  3.4548  3.4219  3.4418  3.4588
 136  1.022257  3.8045  4.1201  0.4989  4.3165  3.6911  3.4378  3.4048  3.4246  3.4415
 137  1.023733  3.8045  4.1134  0.5058  4.2998  3.6742  3.4207  3.3875  3.4072  3.4240
 138  1.025206  3.8043  4.1067  0.5126  4.2832  3.6572  3.4034  3.3700  3.3896  3.4064
 139  1.026677  3.8041  4.0997  0.5195  4.2667  3.6401  3.3859  3.3524  3.3717  3.3884
 140  1.028145  3.8039  4.0926  0.5264  4.2502  3.6231  3.3683  3.3346  3.3537  3.3703
 141  1.029611  3.8037  4.0852  0.5335  4.2341  3.6061  3.3506  3.3165  3.3355  3.3520
 142  1.031073  3.8034  4.0777  0.5404  4.2181  3.5889  3.3327  3.2983  3.3169  3.3334
 143  1.032529  3.8030  4.0699  0.5475  4.2024  3.5720  3.3147  3.2798  3.2982  3.3144
 144  1.033983  3.8026  4.0619  0.5545  4.1867  3.5550  3.2966  3.2611  3.2792  3.2953
 145  1.035430  3.8022  4.0537  0.5616  4.1713  3.5379  3.2783  3.2423  3.2599  3.2759
 146  1.036872  3.8018  4.0452  0.5688  4.1563  3.5209  3.2599  3.2232  3.2405  3.2562
 147  1.038307  3.8013  4.0366  0.5760  4.1416  3.5040  3.2414  3.2040  3.2207  3.2362
 148  1.039738  3.8006  4.0275  0.5832  4.1271  3.4872  3.2227  3.1845  3.2006  3.2160
 149  1.041163  3.8000  4.0182  0.5904  4.1131  3.4705  3.2039  3.1647  3.1803  3.1955
 150  1.042583  3.7992  4.0087  0.5977  4.0993  3.4538  3.1850  3.1447  3.1598  3.1746
 151  1.043999  3.7984  3.9988  0.6049  4.0863  3.4374  3.1659  3.1246  3.1389  3.1534
 152  1.045411  3.7976  3.9884  0.6122  4.0741  3.4213  3.1468  3.1040  3.1176  3.1317
 153  1.046820  3.7965  3.9773  0.6195  4.0631  3.4055  3.1275  3.0832  3.0958  3.1096
 154  1.048228  3.7952  3.9655  0.6268  4.0536  3.3903  3.1082  3.0619  3.0734  3.0867
 155  1.049628  3.7936  3.9526  0.6340  4.0468  3.3762  3.0887  3.0403  3.0504  3.0630
 156  1.051056  3.7920  3.9395  0.6412  4.0399  3.3620  3.0693  3.0185  3.0272  3.0392
 157  1.052486  3.7899  3.9249  0.6482  4.0369  3.3494  3.0500  2.9963  3.0032  3.0143
 158  1.053958  3.7876  3.9092  0.6552  4.0367  3.3380  3.0310  2.9738  2.9788  2.9888
 159  1.055494  3.7849  3.8922  0.6619  4.0407  3.3284  3.0124  2.9513  2.9538  2.9627
 160  1.057148  3.7816  3.8740  0.6680  4.0502  3.3218  2.9952  2.9294  2.9291  2.9366
 161  1.058777  3.7776  3.8539  0.6724  4.0718  3.3226  2.9823  2.9106  2.9065  2.9123
 162  1.059818  3.7738  3.8375  0.6742  4.0958  3.3285  2.9761  2.8987  2.8912  2.8953
 163  1.060832  3.7698  3.8218  0.6745  4.1272  3.3396  2.9741  2.8908  2.8795  2.8820
 164  1.061819  3.7656  3.8067  0.6732  4.1674  3.3560  2.9761  2.8865  2.8712  2.8718
 165  1.062763  3.7612  3.7925  0.6703  4.2162  3.3776  2.9822  2.8861  2.8666  2.8651
 166  1.063655  3.7565  3.7781  0.6659  4.2758  3.4047  2.9918  2.8885  2.8643  2.8607
 167  1.064511  3.7516  3.7642  0.6605  4.3424  3.4355  3.0042  2.8935  2.8645  2.8585
 168  1.065359  3.7465  3.7497  0.6550  4.4133  3.4682  3.0178  2.8993  2.8650  2.8566
 169  1.066242  3.7411  3.7325  0.6510  4.4848  3.4993  3.0288  2.9021  2.8623  2.8512
 170  1.067158  3.7359  3.7124  0.6505  4.5474  3.5222  3.0323  2.8974  2.8518  2.8382
 171  1.068026  3.7314  3.6910  0.6543  4.5919  3.5323  3.0255  2.8836  2.8330  2.8171
 172  1.068833  3.7276  3.6697  0.6611  4.6203  3.5319  3.0111  2.8632  2.8085  2.7907
 173  1.069574  3.7247  3.6489  0.6704  4.6340  3.5222  2.9902  2.8376  2.7795  2.7601
 174  1.070223  3.7226  3.6295  0.6815  4.6340  3.5047  2.9645  2.8083  2.7477  2.7273
 175  1.070795  3.7210  3.6116  0.6934  4.6250  3.4827  2.9365  2.7778  2.7154  2.6942
 176  1.071316  3.7198  3.5948  0.7054  4.6118  3.4591  2.9079  2.7471  2.6832  2.6612
 177  1.071802  3.7188  3.5789  0.7176  4.5947  3.4336  2.8788  2.7164  2.6513  2.6288
 178  1.072269  3.7180  3.5638  0.7297  4.5755  3.4075  2.8496  2.6858  2.6198  2.5968
 179  1.072722  3.7172  3.5488  0.7418  4.5562  3.3817  2.8206  2.6556  2.5885  2.5652
 180  1.073167  3.7166  3.5342  0.7538  4.5349  3.3550  2.7914  2.6251  2.5573  2.5336
 181  1.073603  3.7159  3.5197  0.7659  4.5134  3.3282  2.7621  2.5947  2.5260  2.5021
 182  1.074118  3.7152  3.5023  0.7806  4.4862  3.2953  2.7264  2.5580  2.4884  2.4640
 183  1.074632  3.7145  3.4851  0.7953  4.4577  3.2617  2.6904  2.5207  2.4503  2.4256
 184  1.075146  3.7139  3.4677  0.8104  4.4282  3.2274  2.6537  2.4830  2.4119  2.3868
 185  1.075659  3.7132  3.4504  0.8256  4.3979  3.1925  2.6167  2.4449  2.3730  2.3476
 186  1.076173  3.7127  3.4331  0.8408  4.3669  3.1574  2.5794  2.4065  2.3339  2.3083
 187  1.076686  3.7122  3.4156  0.8564  4.3350  3.1215  2.5416  2.3678  2.2945  2.2686
 188  1.077201  3.7117  3.3983  0.8719  4.3022  3.0852  2.5034  2.3287  2.2547  2.2285
 189  1.077714  3.7112  3.3807  0.8877  4.2688  3.0484  2.4647  2.2892  2.2147  2.1881
 190  1.078226  3.7107  3.3629  0.9037  4.2347  3.0108  2.4254  2.2490  2.1738  2.1471
 191  1.078736  3.7103  3.3448  0.9201  4.1998  2.9725  2.3853  2.2080  2.1322  2.1053
 192  1.079239  3.7097  3.3259  0.9373  4.1628  2.9321  2.3430  2.1649  2.0885  2.0613
 193  1.079730  3.7092  3.3056  0.9557  4.1232  2.8888  2.2978  2.1187  2.0417  2.0142
 194  1.080216  3.7087  3.2849  0.9745  4.0825  2.8445  2.2515  2.0714  1.9937  1.9660
 195  1.080691  3.7081  3.2629  0.9944  4.0401  2.7980  2.2028  2.0217  1.9432  1.9152
 196  1.081150  3.7075  3.2395  1.0155  3.9957  2.7489  2.1512  1.9690  1.8897  1.8613
 197  1.081600  3.7068  3.2155  1.0373  3.9489  2.6977  2.0976  1.9143  1.8343  1.8056
 198  1.082029  3.7062  3.1897  1.0605  3.8999  2.6437  2.0409  1.8563  1.7753  1.7464
 199  1.082447  3.7054  3.1631  1.0842  3.8501  2.5885  1.9828  1.7968  1.7149  1.6855
 200  1.082852  3.7046  3.1356  1.1088  3.7989  2.5315  1.9227  1.7353  1.6524  1.6226
 201  1.083245  3.7038  3.1072  1.1340  3.7469  2.4733  1.8612  1.6721  1.5882  1.5579
 202  1.083627  3.7030  3.0781  1.1598  3.6941  2.4140  1.7984  1.6077  1.5226  1.4919
 203  1.083997  3.7021  3.0483  1.1861  3.6408  2.3537  1.7343  1.5419  1.4556  1.4245
 204  1.084353  3.7011  3.0176  1.2131  3.5868  2.2922  1.6689  1.4746  1.3870  1.3553
 205  1.084696  3.7000  2.9860  1.2405  3.5331  2.2300  1.6022  1.4060  1.3170  1.2848
 206  1.085028  3.6989  2.9537  1.2684  3.4795  2.1671  1.5347  1.3364  1.2458  1.2131
 207  1.085347  3.6976  2.9207  1.2968  3.4258  2.1036  1.4664  1.2656  1.1735  1.1401
 208  1.085653  3.6964  2.8870  1.3256  3.3720  2.0394  1.3969  1.1938  1.1001  1.0661
 209  1.085946  3.6951  2.8527  1.3548  3.3180  1.9745  1.3266  1.1210  1.0256  0.9908
 210  1.086227  3.6938  2.8178  1.3844  3.2642  1.9092  1.2556  1.0474  0.9501  0.9146
 211  1.086495  3.6923  2.7820  1.4144  3.2120  1.8439  1.1841  0.9730  0.8738  0.8375
 212  1.086750  3.6909  2.7465  1.4446  3.1575  1.7770  1.1113  0.8977  0.7967  0.7597
 213  1.086995  3.6895  2.7101  1.4752  3.1045  1.7103  1.0383  0.8219  0.7188  0.6810
 214  1.087226  3.6878  2.6727  1.5060  3.0540  1.6443  0.9650  0.7454  0.6401  0.6013
 215  1.087446  3.6862  2.6353  1.5372  3.0029  1.5775  0.8910  0.6683  0.5609  0.5211
 216  1.087646  3.6845  2.5962  1.5697  2.9513  1.5083  0.8141  0.5880  0.4781  0.4375
 217  1.087675  3.6842  2.5900  1.5748  2.9435  1.4975  0.8020  0.5753  0.4651  0.4244
 218  1.087705  3.6840  2.5837  1.5800  2.9356  1.4866  0.7898  0.5625  0.4521  0.4110
 219  1.087736  3.6837  2.5775  1.5852  2.9276  1.4756  0.7775  0.5497  0.4387  0.3976
 220  1.087766  3.6834  2.5711  1.5904  2.9196  1.4646  0.7651  0.5368  0.4254  0.3841
 221  1.087795  3.6831  2.5647  1.5957  2.9117  1.4535  0.7527  0.5237  0.4120  0.3705
 222  1.087826  3.6829  2.5583  1.6010  2.9037  1.4424  0.7403  0.5106  0.3985  0.3569
 223  1.087855  3.6826  2.5519  1.6063  2.8956  1.4312  0.7278  0.4975  0.3850  0.3432
 224  1.087885  3.6823  2.5455  1.6117  2.8877  1.4201  0.7153  0.4844  0.3714  0.3295
 225  1.087915  3.6820  2.5390  1.6170  2.8798  1.4090  0.7028  0.4713  0.3579  0.3158
 226  1.087943  3.6818  2.5327  1.6221  2.8721  1.3982  0.6906  0.4585  0.3447  0.3025
 227  1.088210  3.6793  2.4781  1.6672  2.8060  1.3034  0.5839  0.3470  0.2299  0.1862
 228  1.088451  3.6772  2.4309  1.7059  2.7506  1.2222  0.4921  0.2510  0.1311  0.0861
 229  1.088683  3.6759  2.4007  1.7309  2.7136  1.1682  0.4316  0.1882  0.0666  0.0210
 230  1.088910  3.6766  2.4130  1.7217  2.7202  1.1819  0.4495  0.2087  0.0887  0.0435
 231  1.089167  3.6754  2.3819  1.7480  2.6809  1.1249  0.3859  0.1430  0.0215 -0.0243
 232  1.089415  3.6722  2.3163  1.8008  2.6147  1.0182  0.2623  0.0129 -0.1130 -0.1606
 233  1.089634  3.6693  2.2576  1.8481  2.5558  0.9232  0.1521 -0.1030 -0.2329 -0.2821
 234  1.089829  3.6669  2.2101  1.8864  2.5094  0.8471  0.0632 -0.1964 -0.3295 -0.3802
 235  1.090013  3.6660  2.1892  1.9033  2.4926  0.8152  0.0247 -0.2368 -0.3713 -0.4226
 236  1.090200  3.6652  2.1694  1.9198  2.4756  0.7842 -0.0123 -0.2756 -0.4115 -0.4633
 237  1.090380  3.6617  2.1023  1.9734  2.4134  0.6791 -0.1358 -0.4061 -0.5468 -0.6007
 238  1.090541  3.6583  2.0368  2.0253  2.3566  0.5790 -0.2549 -0.5323 -0.6780 -0.7339
 239  1.090685  3.6549  1.9720  2.0764  2.3036  0.4822 -0.3713 -0.6559 -0.8067 -0.8646
 240  1.090812  3.6515  1.9087  2.1263  2.2544  0.3896 -0.4838 -0.7757 -0.9317 -0.9917
 241  1.090927  3.6480  1.8437  2.1771  2.2066  0.2967 -0.5977 -0.8976 -1.0591 -1.1215
 242  1.091028  3.6444  1.7794  2.2271  2.1621  0.2069 -0.7085 -1.0170 -1.1843 -1.2489
 243  1.091118  3.6411  1.7212  2.2722  2.1265  0.1284 -0.8069 -1.1238 -1.2966 -1.3633
 244  1.091200  3.6378  1.6647  2.3159  2.0935  0.0535 -0.9015 -1.2269 -1.4053 -1.4741
 245  1.091273  3.6346  1.6090  2.3588  2.0621 -0.0191 -0.9939 -1.3279 -1.5119 -1.5827
 246  1.091340  3.6315  1.5543  2.4007  2.0329 -0.0886 -1.0833 -1.4260 -1.6159 -1.6886
 247  1.091400  3.6283  1.5007  2.4418  2.0055 -0.1550 -1.1693 -1.5216 -1.7173 -1.7921
 248  1.091456  3.6252  1.4478  2.4821  1.9789 -0.2191 -1.2530 -1.6153 -1.8171 -1.8938
 249  1.091506  3.6221  1.3965  2.5212  1.9540 -0.2800 -1.3327 -1.7057 -1.9136 -1.9923
 250  1.091553  3.6190  1.3456  2.5596  1.9307 -0.3380 -1.4095 -1.7941 -2.0083 -2.0891
 251  1.091595  3.6159  1.2959  2.5971  1.9081 -0.3940 -1.4839 -1.8804 -2.1010 -2.1836
 252  1.091634  3.6129  1.2473  2.6337  1.8860 -0.4476 -1.5551 -1.9645 -2.1916 -2.2759
 253  1.091670  3.6100  1.1996  2.6696  1.8643 -0.5000 -1.6243 -2.0471 -2.2806 -2.3664
 254  1.091704  3.6071  1.1530  2.7046  1.8430 -0.5494 -1.6899 -2.1272 -2.3673 -2.4548
 255  1.091734  3.6042  1.1073  2.7388  1.8221 -0.5958 -1.7519 -2.2051 -2.4520 -2.5413
 256  1.091762  3.6014  1.0624  2.7723  1.8018 -0.6390 -1.8103 -2.2807 -2.5349 -2.6257
 257  1.091788  3.5986  1.0186  2.8050  1.7821 -0.6786 -1.8642 -2.3536 -2.6154 -2.7081
 258  1.091812  3.5958  0.9755  2.8370  1.7622 -0.7155 -1.9144 -2.4248 -2.6946 -2.7890
 259  1.091836  3.5931  0.9335  2.8682  1.7417 -0.7503 -1.9600 -2.4946 -2.7724 -2.8684
 260  1.091857  3.5904  0.8921  2.8989  1.7209 -0.7819 -2.0016 -2.5625 -2.8487 -2.9464
 261  1.091876  3.5878  0.8517  2.9287  1.7003 -0.8099 -2.0381 -2.6282 -2.9232 -3.0226
 262  1.091894  3.5851  0.8120  2.9579  1.6791 -0.8344 -2.0703 -2.6919 -2.9961 -3.0975
 263  1.091912  3.5825  0.7730  2.9865  1.6575 -0.8555 -2.0983 -2.7534 -3.0675 -3.1710
 264  1.091927  3.5800  0.7350  3.0144  1.6356 -0.8733 -2.1224 -2.8125 -3.1367 -3.2424
 265  1.091943  3.5775  0.6976  3.0418  1.6133 -0.8873 -2.1422 -2.8690 -3.2041 -3.3124
 266  1.091956  3.5750  0.6610  3.0685  1.5906 -0.8971 -2.1570 -2.9230 -3.2697 -3.3810
 267  1.091970  3.5726  0.6251  3.0947  1.5675 -0.8995 -2.1617 -2.9731 -3.3332 -3.4482
 268  1.091983  3.5702  0.5901  3.1202  1.5439 -0.8946 -2.1568 -3.0194 -3.3945 -3.5138
 269  1.091995  3.5678  0.5558  3.1452  1.5196 -0.8859 -2.1473 -3.0633 -3.4541 -3.5782
 270  1.092006  3.5656  0.5222  3.1697  1.4938 -0.8742 -2.1345 -3.1039 -3.5117 -3.6413
 271  1.092016  3.5634  0.4892  3.1936  1.4683 -0.8594 -2.1184 -3.1418 -3.5672 -3.7025
 272  1.092027  3.5611  0.4569  3.2170  1.4433 -0.8414 -2.0992 -3.1769 -3.6205 -3.7621
 273  1.092036  3.5589  0.4253  3.2399  1.4184 -0.8209 -2.0775 -3.2098 -3.6720 -3.8200
 274  1.092046  3.5568  0.3942  3.2623  1.3947 -0.7968 -2.0531 -3.2398 -3.7214 -3.8762
 275  1.092054  3.5546  0.3639  3.2841  1.3718 -0.7701 -2.0271 -3.2675 -3.7687 -3.9305
 276  1.092062  3.5525  0.3340  3.3053  1.3505 -0.7379 -1.9962 -3.2914 -3.8133 -3.9830
 277  1.092070  3.5502  0.3046  3.3259  1.3315 -0.6992 -1.9614 -3.3102 -3.8541 -4.0324
 278  1.092077  3.5482  0.2768  3.3457  1.3150 -0.6596 -1.9325 -3.3246 -3.8900 -4.0778
 279  1.092089  3.5465  0.2528  3.3627  1.3013 -0.6241 -1.9081 -3.3358 -3.9199 -4.1162
