#NUMBER OF AGES= 1 MAGS= 6
#----------------------------------------------------       
#MIX-LEN  Y      Z          Zeff        [Fe/H] [a/Fe]
# 1.9380  0.2453 1.9663E-04 1.0009E-04  -2.31   0.40 
#----------------------------------------------------       
#**PHOTOMETRIC SYSTEM**: DECam (AB)
#----------------------------------------------------       
#AGE=11.400 EEPS=267
#EEP   M/Mo    LogTeff  LogG   LogL/Lo DECam_u DECam_g DECam_r DECam_i DECam_z DECam_Y
  12  0.101623  3.5397  5.3888 -2.8316 16.4771 13.9478 12.3581 11.5881 11.2742 11.1785
  13  0.111295  3.5482  5.3434 -2.7129 15.9994 13.5515 11.9972 11.3009 10.9976 10.9007
  14  0.121876  3.5569  5.2973 -2.5927 15.5083 13.1507 11.6388 11.0065 10.7135 10.6169
  15  0.133978  3.5656  5.2520 -2.4715 15.0142 12.7491 11.2866 10.7064 10.4240 10.3289
  16  0.147142  3.5734  5.2126 -2.3600 14.5636 12.3813 10.9697 10.4280 10.1555 10.0623
  17  0.160303  3.5798  5.1813 -2.2663 14.1847 12.0765 10.7096 10.1939  9.9294  9.8380
  18  0.172663  3.5847  5.1564 -2.1894 13.8773 11.8297 10.4994 10.0017  9.7434  9.6536
  19  0.184539  3.5887  5.1350 -2.1229 13.6170 11.6186 10.3190  9.8348  9.5816  9.4933
  20  0.196526  3.5923  5.1150 -2.0613 13.3812 11.4257 10.1534  9.6804  9.4319  9.3450
  21  0.209665  3.5957  5.0951 -1.9994 13.1482 11.2340  9.9881  9.5253  9.2812  9.1958
  22  0.224731  3.5993  5.0749 -1.9352 12.9101 11.0362  9.8170  9.3639  9.1244  9.0405
  23  0.242349  3.6029  5.0546 -1.8674 12.6621 10.8289  9.6370  9.1936  8.9589  8.8768
  24  0.264407  3.6069  5.0328 -1.7916 12.3864 10.5973  9.4356  9.0027  8.7734  8.6932
  25  0.288848  3.6110  5.0125 -1.7167 12.1175 10.3691  9.2365  8.8137  8.5901  8.5119
  26  0.303813  3.6132  5.0027 -1.6760 11.9715 10.2450  9.1284  8.7111  8.4907  8.4136
  27  0.312337  3.6143  4.9981 -1.6547 11.8947 10.1795  9.0714  8.6570  8.4383  8.3618
  28  0.318005  3.6151  4.9949 -1.6405 11.8442 10.1364  9.0338  8.6214  8.4037  8.3277
  29  0.322157  3.6157  4.9924 -1.6300 11.8062 10.1040  9.0056  8.5946  8.3778  8.3021
  30  0.325868  3.6163  4.9902 -1.6207 11.7725 10.0754  8.9808  8.5712  8.3551  8.2798
  31  0.329949  3.6169  4.9878 -1.6105 11.7358 10.0440  8.9535  8.5453  8.3301  8.2550
  32  0.334956  3.6175  4.9847 -1.5982 11.6917 10.0062  8.9205  8.5141  8.2998  8.2251
  33  0.342022  3.6185  4.9807 -1.5814 11.6320  9.9551  8.8757  8.4715  8.2587  8.1844
  34  0.350463  3.6197  4.9749 -1.5604 11.5574  9.8909  8.8196  8.4184  8.2072  8.1336
  35  0.359633  3.6211  4.9680 -1.5368 11.4720  9.8182  8.7563  8.3584  8.1494  8.0766
  36  0.369140  3.6227  4.9598 -1.5107 11.3765  9.7371  8.6862  8.2924  8.0856  8.0138
  37  0.380285  3.6249  4.9487 -1.4780 11.2536  9.6337  8.5979  8.2095  8.0059  7.9352
  38  0.392951  3.6277  4.9349 -1.4383 11.1006  9.5053  8.4897  8.1085  7.9092  7.8400
  39  0.405369  3.6309  4.9199 -1.3971 10.9425  9.3714  8.3771  8.0039  7.8092  7.7419
  40  0.418842  3.6348  4.9032 -1.3511 10.7644  9.2203  8.2505  7.8867  7.6977  7.6324
  41  0.434411  3.6394  4.8846 -1.2980 10.5550  9.0450  8.1039  7.7515  7.5693  7.5067
  42  0.451047  3.6450  4.8653 -1.2400 10.3172  8.8503  7.9428  7.6038  7.4299  7.3704
  43  0.464855  3.6503  4.8488 -1.1894 10.1032  8.6782  7.8014  7.4750  7.3090  7.2524
  44  0.476663  3.6553  4.8343 -1.1437  9.9050  8.5219  7.6740  7.3593  7.2007  7.1470
  45  0.487529  3.6603  4.8213 -1.1006  9.7141  8.3735  7.5536  7.2504  7.0990  7.0482
  46  0.497423  3.6652  4.8099 -1.0611  9.5360  8.2367  7.4431  7.1509  7.0065  6.9584
  47  0.506104  3.6697  4.8005 -1.0260  9.3762  8.1151  7.3455  7.0633  6.9252  6.8797
  48  0.513878  3.6740  4.7923 -0.9941  9.2278  8.0038  7.2566  6.9838  6.8518  6.8087
  49  0.521264  3.6783  4.7849 -0.9632  9.0827  7.8961  7.1708  6.9072  6.7814  6.7406
  50  0.528613  3.6828  4.7777 -0.9321  8.9361  7.7887  7.0849  6.8304  6.7105  6.6722
  51  0.536302  3.6875  4.7703 -0.8993  8.7831  7.6769  6.9953  6.7503  6.6365  6.6008
  52  0.540672  3.6903  4.7660 -0.8806  8.6971  7.6138  6.9447  6.7048  6.5947  6.5605
  53  0.545169  3.6931  4.7616 -0.8614  8.6097  7.5495  6.8928  6.6584  6.5518  6.5191
  54  0.549799  3.6959  4.7572 -0.8418  8.5205  7.4838  6.8398  6.6110  6.5080  6.4769
  55  0.554543  3.6989  4.7525 -0.8216  8.4300  7.4168  6.7858  6.5627  6.4635  6.4339
  56  0.559327  3.7019  4.7478 -0.8013  8.3391  7.3494  6.7315  6.5141  6.4186  6.3907
  57  0.564112  3.7049  4.7431 -0.7807  8.2480  7.2820  6.6772  6.4656  6.3740  6.3476
  58  0.568891  3.7080  4.7384 -0.7602  8.1576  7.2151  6.6233  6.4173  6.3295  6.3048
  59  0.573647  3.7110  4.7337 -0.7398  8.0685  7.1490  6.5699  6.3696  6.2855  6.2623
  60  0.578367  3.7140  4.7289 -0.7194  7.9815  7.0840  6.5171  6.3222  6.2417  6.2201
  61  0.583041  3.7170  4.7240 -0.6992  7.8968  7.0206  6.4653  6.2754  6.1984  6.1783
  62  0.587660  3.7199  4.7192 -0.6793  7.8147  6.9584  6.4143  6.2294  6.1557  6.1370
  63  0.592222  3.7227  4.7143 -0.6596  7.7349  6.8977  6.3643  6.1842  6.1135  6.0963
  64  0.596714  3.7255  4.7093 -0.6402  7.6575  6.8381  6.3152  6.1397  6.0722  6.0563
  65  0.601137  3.7282  4.7043 -0.6211  7.5822  6.7799  6.2670  6.0960  6.0315  6.0170
  66  0.605492  3.7308  4.6992 -0.6023  7.5090  6.7229  6.2197  6.0530  5.9915  5.9783
  67  0.609776  3.7334  4.6941 -0.5837  7.4378  6.6670  6.1733  6.0108  5.9522  5.9401
  68  0.613989  3.7360  4.6889 -0.5653  7.3686  6.6122  6.1277  5.9692  5.9135  5.9025
  69  0.618129  3.7385  4.6836 -0.5473  7.3011  6.5584  6.0829  5.9285  5.8753  5.8656
  70  0.622204  3.7409  4.6784 -0.5295  7.2353  6.5056  6.0388  5.8884  5.8380  5.8293
  71  0.626208  3.7433  4.6731 -0.5119  7.1711  6.4536  5.9956  5.8491  5.8012  5.7937
  72  0.630151  3.7457  4.6678 -0.4945  7.1085  6.4028  5.9529  5.8102  5.7649  5.7585
  73  0.634028  3.7479  4.6625 -0.4774  7.0475  6.3527  5.9110  5.7720  5.7291  5.7236
  74  0.637844  3.7501  4.6571 -0.4605  6.9881  6.3037  5.8697  5.7342  5.6937  5.6892
  75  0.641604  3.7523  4.6517 -0.4438  6.9298  6.2554  5.8290  5.6971  5.6589  5.6554
  76  0.645306  3.7544  4.6462 -0.4274  6.8725  6.2078  5.7890  5.6606  5.6246  5.6220
  77  0.648951  3.7565  4.6407 -0.4111  6.8162  6.1608  5.7497  5.6248  5.5910  5.5893
  78  0.652548  3.7585  4.6351 -0.3949  6.7608  6.1144  5.7108  5.5894  5.5579  5.5570
  79  0.656086  3.7605  4.6295 -0.3790  6.7066  6.0687  5.6724  5.5543  5.5250  5.5250
  80  0.659576  3.7625  4.6238 -0.3631  6.6535  6.0238  5.6345  5.5196  5.4923  5.4931
  81  0.663005  3.7644  4.6182 -0.3475  6.6020  5.9798  5.5969  5.4849  5.4595  5.4612
  82  0.668002  3.7672  4.6097 -0.3247  6.5276  5.9158  5.5417  5.4339  5.4115  5.4143
  83  0.672967  3.7699  4.6010 -0.3019  6.4542  5.8519  5.4866  5.3830  5.3632  5.3671
  84  0.677888  3.7727  4.5923 -0.2790  6.3815  5.7883  5.4315  5.3321  5.3151  5.3200
  85  0.682756  3.7754  4.5834 -0.2562  6.3096  5.7250  5.3768  5.2813  5.2672  5.2732
  86  0.687563  3.7780  4.5744 -0.2335  6.2386  5.6620  5.3223  5.2309  5.2194  5.2265
  87  0.692306  3.7807  4.5653 -0.2108  6.1681  5.5995  5.2682  5.1807  5.1719  5.1800
  88  0.696983  3.7833  4.5562 -0.1883  6.0986  5.5375  5.2143  5.1308  5.1247  5.1336
  89  0.701591  3.7859  4.5468 -0.1658  6.0298  5.4757  5.1607  5.0810  5.0774  5.0874
  90  0.706130  3.7884  4.5374 -0.1433  5.9617  5.4140  5.1071  5.0313  5.0302  5.0412
  91  0.710599  3.7910  4.5277 -0.1208  5.8944  5.3526  5.0534  4.9814  4.9829  4.9946
  92  0.714996  3.7934  4.5178 -0.0984  5.8278  5.2913  4.9995  4.9313  4.9351  4.9477
  93  0.719317  3.7959  4.5075 -0.0758  5.7614  5.2299  4.9457  4.8810  4.8873  4.9007
  94  0.723554  3.7982  4.4970 -0.0532  5.6950  5.1684  4.8920  4.8310  4.8396  4.8538
  95  0.727706  3.8005  4.4860 -0.0305  5.6287  5.1070  4.8385  4.7813  4.7922  4.8071
  96  0.731768  3.8028  4.4746 -0.0079  5.5629  5.0457  4.7848  4.7311  4.7443  4.7598
  97  0.735727  3.8049  4.4628  0.0148  5.4981  4.9846  4.7307  4.6805  4.6958  4.7119
  98  0.739580  3.8069  4.4506  0.0375  5.4344  4.9236  4.6764  4.6294  4.6466  4.6633
  99  0.743320  3.8089  4.4381  0.0600  5.3713  4.8631  4.6219  4.5779  4.5971  4.6143
 100  0.746940  3.8107  4.4252  0.0825  5.3092  4.8030  4.5675  4.5265  4.5474  4.5652
 101  0.750435  3.8125  4.4120  0.1047  5.2479  4.7436  4.5134  4.4752  4.4979  4.5162
 102  0.753804  3.8142  4.3986  0.1268  5.1876  4.6849  4.4597  4.4240  4.4483  4.4670
 103  0.757038  3.8158  4.3850  0.1486  5.1284  4.6269  4.4065  4.3733  4.3991  4.4182
 104  0.760148  3.8173  4.3711  0.1701  5.0701  4.5698  4.3539  4.3231  4.3503  4.3698
 105  0.763140  3.8187  4.3571  0.1913  5.0129  4.5135  4.3020  4.2734  4.3019  4.3218
 106  0.766024  3.8199  4.3429  0.2123  4.9565  4.4578  4.2507  4.2242  4.2540  4.2741
 107  0.768811  3.8212  4.3286  0.2332  4.9009  4.4028  4.1998  4.1755  4.2063  4.2267
 108  0.771501  3.8223  4.3140  0.2538  4.8462  4.3484  4.1494  4.1270  4.1589  4.1795
 109  0.774105  3.8234  4.2993  0.2742  4.7921  4.2947  4.0995  4.0790  4.1119  4.1326
 110  0.776632  3.8244  4.2846  0.2943  4.7389  4.2416  4.0498  4.0311  4.0648  4.0858
 111  0.779092  3.8253  4.2696  0.3144  4.6862  4.1890  4.0004  3.9834  4.0179  4.0390
 112  0.779794  3.8255  4.2652  0.3201  4.6711  4.1739  3.9861  3.9696  4.0044  4.0255
 113  0.780498  3.8258  4.2608  0.3260  4.6558  4.1586  3.9718  3.9556  3.9906  4.0118
 114  0.781203  3.8260  4.2563  0.3318  4.6406  4.1434  3.9573  3.9417  3.9769  3.9981
 115  0.781908  3.8263  4.2518  0.3377  4.6252  4.1279  3.9428  3.9276  3.9630  3.9842
 116  0.782614  3.8266  4.2472  0.3438  4.6095  4.1121  3.9279  3.9131  3.9488  3.9701
 117  0.783319  3.8268  4.2426  0.3497  4.5938  4.0965  3.9130  3.8987  3.9347  3.9559
 118  0.784021  3.8271  4.2380  0.3559  4.5775  4.0802  3.8978  3.8840  3.9201  3.9415
 119  0.784721  3.8274  4.2334  0.3621  4.5611  4.0637  3.8823  3.8692  3.9055  3.9270
 120  0.785421  3.8277  4.2287  0.3685  4.5445  4.0470  3.8668  3.8541  3.8909  3.9123
 121  0.786121  3.8280  4.2241  0.3748  4.5276  4.0302  3.8510  3.8390  3.8760  3.8975
 122  0.786820  3.8284  4.2195  0.3812  4.5106  4.0131  3.8351  3.8237  3.8610  3.8827
 123  0.787518  3.8287  4.2148  0.3877  4.4934  3.9959  3.8190  3.8082  3.8459  3.8675
 124  0.788214  3.8290  4.2099  0.3943  4.4761  3.9785  3.8026  3.7925  3.8304  3.8521
 125  0.788908  3.8294  4.2047  0.4010  4.4587  3.9611  3.7861  3.7765  3.8145  3.8363
 126  0.789599  3.8296  4.1992  0.4078  4.4411  3.9434  3.7693  3.7600  3.7984  3.8202
 127  0.790286  3.8297  4.1935  0.4146  4.4235  3.9256  3.7521  3.7433  3.7819  3.8036
 128  0.790969  3.8299  4.1876  0.4216  4.4056  3.9076  3.7348  3.7263  3.7650  3.7868
 129  0.791650  3.8300  4.1815  0.4285  4.3877  3.8895  3.7174  3.7091  3.7478  3.7696
 130  0.792326  3.8301  4.1752  0.4356  4.3696  3.8712  3.6995  3.6916  3.7304  3.7522
 131  0.792999  3.8302  4.1687  0.4427  4.3513  3.8527  3.6816  3.6738  3.7127  3.7345
 132  0.793668  3.8302  4.1620  0.4500  4.3330  3.8342  3.6634  3.6558  3.6947  3.7165
 133  0.794333  3.8303  4.1551  0.4573  4.3145  3.8155  3.6451  3.6377  3.6765  3.6982
 134  0.794993  3.8303  4.1481  0.4647  4.2959  3.7967  3.6264  3.6191  3.6579  3.6796
 135  0.795647  3.8303  4.1409  0.4722  4.2771  3.7777  3.6075  3.6004  3.6391  3.6607
 136  0.796296  3.8302  4.1334  0.4798  4.2583  3.7585  3.5885  3.5813  3.6200  3.6416
 137  0.796940  3.8301  4.1256  0.4874  4.2394  3.7393  3.5692  3.5619  3.6004  3.6220
 138  0.797576  3.8299  4.1175  0.4951  4.2204  3.7200  3.5496  3.5422  3.5805  3.6019
 139  0.798204  3.8297  4.1092  0.5029  4.2013  3.7006  3.5299  3.5221  3.5602  3.5816
 140  0.798825  3.8294  4.1005  0.5108  4.1822  3.6810  3.5099  3.5019  3.5396  3.5608
 141  0.799438  3.8290  4.0915  0.5187  4.1630  3.6615  3.4896  3.4813  3.5187  3.5397
 142  0.800042  3.8287  4.0822  0.5268  4.1438  3.6418  3.4692  3.4603  3.4973  3.5183
 143  0.800637  3.8282  4.0727  0.5348  4.1245  3.6221  3.4485  3.4391  3.4756  3.4964
 144  0.801221  3.8277  4.0627  0.5430  4.1053  3.6023  3.4276  3.4175  3.4535  3.4741
 145  0.801795  3.8271  4.0524  0.5512  4.0861  3.5825  3.4065  3.3955  3.4310  3.4514
 146  0.802357  3.8264  4.0418  0.5595  4.0670  3.5628  3.3851  3.3732  3.4079  3.4282
 147  0.802908  3.8257  4.0307  0.5679  4.0478  3.5430  3.3633  3.3504  3.3844  3.4044
 148  0.803446  3.8248  4.0191  0.5763  4.0289  3.5233  3.3414  3.3272  3.3604  3.3802
 149  0.803971  3.8239  4.0072  0.5847  4.0101  3.5038  3.3192  3.3036  3.3359  3.3554
 150  0.804483  3.8228  3.9948  0.5932  3.9914  3.4842  3.2966  3.2794  3.3107  3.3299
 151  0.804979  3.8216  3.9819  0.6018  3.9730  3.4648  3.2735  3.2544  3.2846  3.3035
 152  0.805462  3.8203  3.9683  0.6104  3.9549  3.4456  3.2501  3.2290  3.2579  3.2766
 153  0.805929  3.8189  3.9543  0.6191  3.9371  3.4266  3.2267  3.2032  3.2308  3.2492
 154  0.806382  3.8174  3.9397  0.6277  3.9198  3.4078  3.2029  3.1771  3.2032  3.2213
 155  0.806818  3.8157  3.9245  0.6364  3.9029  3.3892  3.1793  3.1510  3.1755  3.1931
 156  0.807239  3.8139  3.9088  0.6451  3.8866  3.3710  3.1561  3.1249  3.1477  3.1648
 157  0.807645  3.8119  3.8924  0.6538  3.8709  3.3530  3.1327  3.0987  3.1197  3.1360
 158  0.808035  3.8098  3.8754  0.6625  3.8558  3.3354  3.1096  3.0725  3.0913  3.1070
 159  0.808410  3.8075  3.8577  0.6712  3.8414  3.3183  3.0863  3.0457  3.0624  3.0774
 160  0.808771  3.8050  3.8393  0.6798  3.8280  3.3016  3.0630  3.0187  3.0330  3.0472
 161  0.809116  3.8024  3.8203  0.6886  3.8155  3.2855  3.0396  2.9915  3.0032  3.0165
 162  0.809388  3.8001  3.8044  0.6956  3.8061  3.2729  3.0206  2.9692  2.9787  2.9911
 163  0.809657  3.7977  3.7878  0.7027  3.7974  3.2604  3.0012  2.9461  2.9533  2.9649
 164  0.809923  3.7952  3.7704  0.7099  3.7894  3.2482  2.9813  2.9222  2.9269  2.9377
 165  0.810185  3.7923  3.7517  0.7173  3.7828  3.2364  2.9613  2.8978  2.8997  2.9094
 166  0.810443  3.7890  3.7316  0.7246  3.7780  3.2255  2.9411  2.8728  2.8715  2.8801
 167  0.810699  3.7857  3.7109  0.7321  3.7748  3.2151  2.9202  2.8467  2.8421  2.8495
 168  0.810953  3.7824  3.6904  0.7396  3.7719  3.2044  2.8987  2.8198  2.8119  2.8182
 169  0.811203  3.7788  3.6684  0.7473  3.7705  3.1945  2.8768  2.7922  2.7807  2.7856
 170  0.811446  3.7748  3.6451  0.7551  3.7701  3.1849  2.8552  2.7648  2.7493  2.7527
 171  0.811686  3.7712  3.6224  0.7631  3.7686  3.1741  2.8332  2.7372  2.7179  2.7200
 172  0.811921  3.7679  3.6011  0.7716  3.7652  3.1617  2.8104  2.7092  2.6868  2.6876
 173  0.812148  3.7650  3.5804  0.7804  3.7599  3.1477  2.7870  2.6812  2.6557  2.6552
 174  0.812367  3.7621  3.5599  0.7896  3.7530  3.1325  2.7630  2.6529  2.6244  2.6228
 175  0.812576  3.7596  3.5401  0.7992  3.7443  3.1160  2.7382  2.6242  2.5930  2.5903
 176  0.812776  3.7571  3.5209  0.8091  3.7335  3.0978  2.7129  2.5953  2.5616  2.5579
 177  0.812967  3.7550  3.5023  0.8193  3.7209  3.0783  2.6868  2.5659  2.5300  2.5254
 178  0.813150  3.7532  3.4842  0.8298  3.7069  3.0578  2.6599  2.5359  2.4980  2.4926
 179  0.813323  3.7514  3.4667  0.8405  3.6917  3.0364  2.6323  2.5055  2.4656  2.4595
 180  0.813489  3.7498  3.4496  0.8515  3.6755  3.0141  2.6043  2.4747  2.4332  2.4265
 181  0.813648  3.7485  3.4330  0.8626  3.6576  2.9909  2.5759  2.4440  2.4010  2.3937
 182  0.813810  3.7472  3.4159  0.8745  3.6376  2.9657  2.5457  2.4116  2.3671  2.3591
 183  0.813971  3.7459  3.3989  0.8867  3.6157  2.9390  2.5147  2.3785  2.3326  2.3242
 184  0.814129  3.7448  3.3819  0.8992  3.5922  2.9113  2.4831  2.3450  2.2979  2.2890
 185  0.814286  3.7438  3.3651  0.9122  3.5672  2.8823  2.4508  2.3111  2.2630  2.2535
 186  0.814441  3.7428  3.3483  0.9252  3.5412  2.8527  2.4180  2.2769  2.2278  2.2179
 187  0.814594  3.7419  3.3317  0.9385  3.5142  2.8223  2.3848  2.2424  2.1922  2.1820
 188  0.814746  3.7412  3.3151  0.9520  3.4862  2.7912  2.3511  2.2075  2.1565  2.1459
 189  0.814897  3.7404  3.2984  0.9656  3.4576  2.7595  2.3172  2.1724  2.1206  2.1096
 190  0.815048  3.7397  3.2820  0.9794  3.4282  2.7274  2.2829  2.1370  2.0844  2.0731
 191  0.815197  3.7390  3.2655  0.9932  3.3982  2.6948  2.2482  2.1014  2.0481  2.0364
 192  0.815346  3.7384  3.2490  1.0071  3.3678  2.6619  2.2134  2.0656  2.0116  1.9996
 193  0.815493  3.7378  3.2326  1.0212  3.3370  2.6286  2.1784  2.0295  1.9749  1.9627
 194  0.815641  3.7372  3.2162  1.0354  3.3057  2.5950  2.1430  1.9934  1.9381  1.9256
 195  0.815787  3.7367  3.1998  1.0497  3.2741  2.5612  2.1075  1.9571  1.9012  1.8885
 196  0.815934  3.7362  3.1834  1.0640  3.2422  2.5271  2.0719  1.9207  1.8642  1.8512
 197  0.816078  3.7356  3.1670  1.0785  3.2098  2.4926  2.0360  1.8840  1.8270  1.8137
 198  0.816223  3.7351  3.1505  1.0930  3.1770  2.4578  1.9997  1.8471  1.7894  1.7759
 199  0.816365  3.7347  3.1339  1.1077  3.1439  2.4226  1.9631  1.8097  1.7515  1.7377
 200  0.816508  3.7342  3.1172  1.1225  3.1104  2.3871  1.9261  1.7721  1.7133  1.6994
 201  0.816648  3.7337  3.1004  1.1375  3.0764  2.3511  1.8888  1.7341  1.6749  1.6606
 202  0.816788  3.7332  3.0836  1.1527  3.0420  2.3147  1.8511  1.6958  1.6360  1.6215
 203  0.816925  3.7327  3.0666  1.1680  3.0073  2.2780  1.8131  1.6570  1.5968  1.5820
 204  0.817062  3.7323  3.0493  1.1833  2.9722  2.2409  1.7747  1.6180  1.5572  1.5422
 205  0.817197  3.7319  3.0321  1.1989  2.9369  2.2036  1.7361  1.5787  1.5174  1.5022
 206  0.817330  3.7314  3.0146  1.2146  2.9011  2.1657  1.6970  1.5389  1.4770  1.4616
 207  0.817460  3.7309  2.9968  1.2307  2.8645  2.1271  1.6568  1.4981  1.4357  1.4200
 208  0.817586  3.7305  2.9785  1.2471  2.8276  2.0878  1.6160  1.4566  1.3937  1.3777
 209  0.817710  3.7299  2.9597  1.2637  2.7907  2.0482  1.5746  1.4142  1.3507  1.3344
 210  0.817829  3.7293  2.9406  1.2807  2.7527  2.0077  1.5324  1.3713  1.3070  1.2905
 211  0.817946  3.7288  2.9214  1.2978  2.7144  1.9667  1.4897  1.3276  1.2628  1.2460
 212  0.818058  3.7282  2.9018  1.3152  2.6756  1.9253  1.4464  1.2835  1.2180  1.2009
 213  0.818170  3.7277  2.8820  1.3328  2.6365  1.8834  1.4025  1.2387  1.1725  1.1553
 214  0.818277  3.7271  2.8619  1.3505  2.5970  1.8411  1.3582  1.1934  1.1266  1.1090
 215  0.818382  3.7265  2.8416  1.3686  2.5573  1.7983  1.3134  1.1477  1.0803  1.0623
 216  0.818484  3.7259  2.8210  1.3867  2.5173  1.7552  1.2682  1.1015  1.0333  1.0151
 217  0.818507  3.7257  2.8165  1.3908  2.5086  1.7457  1.2581  1.0912  1.0229  1.0045
 218  0.818528  3.7256  2.8119  1.3948  2.4995  1.7360  1.2481  1.0809  1.0124  0.9940
 219  0.818551  3.7255  2.8073  1.3989  2.4905  1.7263  1.2378  1.0705  1.0019  0.9834
 220  0.818574  3.7254  2.8028  1.4030  2.4814  1.7166  1.2277  1.0601  0.9914  0.9728
 221  0.818595  3.7252  2.7981  1.4071  2.4722  1.7068  1.2175  1.0497  0.9807  0.9622
 222  0.818617  3.7251  2.7935  1.4112  2.4631  1.6970  1.2071  1.0392  0.9701  0.9515
 223  0.818639  3.7250  2.7888  1.4153  2.4541  1.6872  1.1969  1.0287  0.9595  0.9407
 224  0.818661  3.7248  2.7842  1.4195  2.4449  1.6773  1.1865  1.0181  0.9487  0.9300
 225  0.818682  3.7247  2.7794  1.4237  2.4356  1.6675  1.1761  1.0075  0.9380  0.9191
 226  0.818703  3.7245  2.7747  1.4279  2.4265  1.6575  1.1657  0.9968  0.9271  0.9081
 227  0.818906  3.7232  2.7283  1.4691  2.3361  1.5599  1.0632  0.8921  0.8208  0.8011
 228  0.819101  3.7217  2.6791  1.5125  2.2417  1.4575  0.9553  0.7817  0.7085  0.6882
 229  0.819285  3.7202  2.6288  1.5567  2.1460  1.3531  0.8449  0.6686  0.5938  0.5726
 230  0.819441  3.7188  2.5823  1.5978  2.0572  1.2563  0.7429  0.5642  0.4876  0.4658
 231  0.819593  3.7173  2.5330  1.6411  1.9647  1.1547  0.6353  0.4539  0.3755  0.3529
 232  0.819734  3.7157  2.4833  1.6847  1.8720  1.0527  0.5273  0.3433  0.2630  0.2395
 233  0.819861  3.7141  2.4340  1.7276  1.7824  0.9530  0.4212  0.2343  0.1520  0.1278
 234  0.819977  3.7125  2.3855  1.7697  1.6943  0.8548  0.3170  0.1273  0.0431  0.0180
 235  0.820086  3.7109  2.3358  1.8126  1.6061  0.7556  0.2110  0.0184 -0.0679 -0.0940
 236  0.820185  3.7091  2.2872  1.8546  1.5206  0.6589  0.1075 -0.0881 -0.1764 -0.2034
 237  0.820276  3.7075  2.2387  1.8964  1.4360  0.5627  0.0045 -0.1941 -0.2846 -0.3125
 238  0.820358  3.7058  2.1905  1.9377  1.3532  0.4680 -0.0974 -0.2991 -0.3917 -0.4206
 239  0.820434  3.7041  2.1431  1.9784  1.2718  0.3751 -0.1975 -0.4023 -0.4971 -0.5269
 240  0.820506  3.7024  2.0960  2.0190  1.1917  0.2830 -0.2972 -0.5052 -0.6020 -0.6327
 241  0.820570  3.7008  2.0502  2.0583  1.1150  0.1941 -0.3940 -0.6053 -0.7043 -0.7357
 242  0.820630  3.6992  2.0075  2.0949  1.0444  0.1118 -0.4841 -0.6985 -0.7995 -0.8317
 243  0.820684  3.6980  1.9717  2.1258  0.9845  0.0421 -0.5604 -0.7773 -0.8799 -0.9127
 244  0.820738  3.6971  1.9458  2.1484  0.9402 -0.0094 -0.6163 -0.8351 -0.9387 -0.9720
 245  0.820789  3.6954  1.9014  2.1860  0.8698 -0.0925 -0.7082 -0.9306 -1.0365 -1.0706
 246  0.820837  3.6936  1.8538  2.2260  0.7967 -0.1803 -0.8061 -1.0323 -1.1410 -1.1760
 247  0.820880  3.6918  1.8095  2.2633  0.7303 -0.2616 -0.8970 -1.1270 -1.2380 -1.2740
 248  0.820920  3.6904  1.7726  2.2944  0.6761 -0.3291 -0.9725 -1.2057 -1.3187 -1.3555
 249  0.820959  3.6894  1.7492  2.3142  0.6431 -0.3719 -1.0205 -1.2557 -1.3700 -1.4074
 250  0.820996  3.6881  1.7146  2.3436  0.5922 -0.4357 -1.0915 -1.3297 -1.4458 -1.4840
 251  0.821030  3.6862  1.6669  2.3838  0.5237 -0.5219 -1.1884 -1.4307 -1.5497 -1.5889
 252  0.821063  3.6843  1.6184  2.4246  0.4558 -0.6093 -1.2871 -1.5337 -1.6554 -1.6957
 253  0.821092  3.6824  1.5713  2.4640  0.3924 -0.6932 -1.3821 -1.6330 -1.7575 -1.7989
 254  0.821118  3.6805  1.5253  2.5023  0.3330 -0.7740 -1.4744 -1.7296 -1.8568 -1.8994
 255  0.821144  3.6786  1.4801  2.5403  0.2758 -0.8532 -1.5651 -1.8248 -1.9547 -1.9985
 256  0.821166  3.6768  1.4358  2.5772  0.2222 -0.9296 -1.6534 -1.9177 -2.0504 -2.0953
 257  0.821187  3.6749  1.3920  2.6133  0.1727 -1.0030 -1.7397 -2.0088 -2.1443 -2.1905
 258  0.821206  3.6730  1.3488  2.6490  0.1254 -1.0747 -1.8245 -2.0985 -2.2369 -2.2843
 259  0.821224  3.6712  1.3068  2.6836  0.0811 -1.1436 -1.9066 -2.1856 -2.3269 -2.3754
 260  0.821240  3.6694  1.2660  2.7173  0.0394 -1.2099 -1.9862 -2.2700 -2.4141 -2.4638
 261  0.821255  3.6676  1.2255  2.7507 -0.0007 -1.2752 -2.0647 -2.3535 -2.5006 -2.5514
 262  0.821269  3.6658  1.1859  2.7832 -0.0385 -1.3383 -2.1411 -2.4347 -2.5847 -2.6367
 263  0.821282  3.6641  1.1471  2.8152 -0.0744 -1.3995 -2.2156 -2.5141 -2.6670 -2.7202
 264  0.821294  3.6624  1.1091  2.8464 -0.1078 -1.4587 -2.2881 -2.5917 -2.7474 -2.8018
 265  0.821305  3.6607  1.0716  2.8771 -0.1388 -1.5159 -2.3590 -2.6676 -2.8263 -2.8818
 266  0.821316  3.6590  1.0350  2.9070 -0.1671 -1.5709 -2.4278 -2.7414 -2.9031 -2.9599
 267  0.821326  3.6574  0.9987  2.9366 -0.1940 -1.6248 -2.4956 -2.8144 -2.9791 -3.0370
 268  0.821335  3.6557  0.9633  2.9654 -0.2191 -1.6767 -2.5615 -2.8854 -3.0530 -3.1121
 269  0.821343  3.6541  0.9285  2.9937 -0.2418 -1.7265 -2.6254 -2.9546 -3.1253 -3.1855
 270  0.821351  3.6524  0.8939  3.0215 -0.2621 -1.7747 -2.6882 -3.0228 -3.1965 -3.2581
 271  0.821359  3.6507  0.8602  3.0485 -0.2804 -1.8208 -2.7489 -3.0890 -3.2658 -3.3285
 272  0.821366  3.6491  0.8269  3.0752 -0.2971 -1.8654 -2.8083 -3.1540 -3.3339 -3.3979
 273  0.821373  3.6474  0.7942  3.1013 -0.3119 -1.9084 -2.8663 -3.2176 -3.4007 -3.4659
 274  0.821379  3.6458  0.7622  3.1269 -0.3252 -1.9497 -2.9227 -3.2795 -3.4658 -3.5323
 275  0.821385  3.6442  0.7308  3.1520 -0.3369 -1.9894 -2.9775 -3.3401 -3.5295 -3.5972
 276  0.821391  3.6427  0.7004  3.1762 -0.3473 -2.0272 -3.0305 -3.3986 -3.5913 -3.6601
 277  0.821396  3.6412  0.6706  3.1999 -0.3564 -2.0636 -3.0821 -3.4559 -3.6517 -3.7217
 278  0.821402  3.6397  0.6421  3.2226 -0.3647 -2.0981 -3.1312 -3.5105 -3.7092 -3.7804
