#NUMBER OF AGES= 1 MAGS= 6
#----------------------------------------------------       
#MIX-LEN  Y      Z          Zeff        [Fe/H] [a/Fe]
# 1.9380  0.2565 7.1322E-03 3.6304E-03  -0.66   0.40 
#----------------------------------------------------       
#**PHOTOMETRIC SYSTEM**: DECam (AB)
#----------------------------------------------------       
#AGE= 9.100 EEPS=269
#EEP   M/Mo    LogTeff  LogG   LogL/Lo DECam_u DECam_g DECam_r DECam_i DECam_z DECam_Y
  11  0.108355  3.5123  5.3017 -2.8263 16.3454 14.4415 13.0368 11.7340 11.2334 11.0920
  12  0.125200  3.5131  5.2311 -2.6900 15.9679 14.0809 12.6816 11.3934 10.8941 10.7518
  13  0.147372  3.5145  5.1598 -2.5419 15.5523 13.6804 12.2878 11.0211 10.5256 10.3827
  14  0.176387  3.5188  5.1031 -2.3899 15.0977 13.2301 11.8494 10.6305 10.1480 10.0070
  15  0.200950  3.5236  5.0687 -2.2802 14.7534 12.8852 11.5154 10.3444  9.8760  9.7375
  16  0.219044  3.5268  5.0450 -2.2063 14.5216 12.6533 11.2909 10.1517  9.6928  9.5563
  17  0.234536  3.5295  5.0262 -2.1470 14.3348 12.4667 11.1107  9.9975  9.5465  9.4117
  18  0.249619  3.5320  5.0094 -2.0932 14.1646 12.2967 10.9466  9.8572  9.4136  9.2802
  19  0.265873  3.5345  4.9934 -2.0396 13.9957 12.1276 10.7838  9.7176  9.2814  9.1496
  20  0.281243  3.5370  4.9791 -1.9912 13.8433 11.9751 10.6370  9.5920  9.1624  9.0322
  21  0.293826  3.5389  4.9672 -1.9525 13.7214 11.8534 10.5197  9.4915  9.0671  8.9382
  22  0.303289  3.5403  4.9579 -1.9235 13.6308 11.7631 10.4326  9.4166  8.9963  8.8683
  23  0.310299  3.5413  4.9508 -1.9023 13.5649 11.6972 10.3689  9.3619  8.9444  8.8171
  24  0.315514  3.5421  4.9456 -1.8868 13.5168 11.6492 10.3225  9.3219  8.9064  8.7796
  25  0.319605  3.5428  4.9417 -1.8749 13.4797 11.6119 10.2865  9.2911  8.8773  8.7508
  26  0.323044  3.5433  4.9380 -1.8645 13.4473 11.5795 10.2553  9.2642  8.8518  8.7257
  27  0.326274  3.5438  4.9347 -1.8549 13.4177 11.5498 10.2266  9.2395  8.8284  8.7026
  28  0.329908  3.5443  4.9317 -1.8448 13.3859 11.5177 10.1958  9.2133  8.8039  8.6783
  29  0.334337  3.5450  4.9284 -1.8328 13.3482 11.4796 10.1593  9.1823  8.7748  8.6499
  30  0.340427  3.5459  4.9237 -1.8165 13.2969 11.4277 10.1094  9.1400  8.7350  8.6107
  31  0.388182  3.5556  4.8813 -1.6805 12.8607 10.9763  9.6792  8.7836  8.4057  8.2889
  32  0.423368  3.5634  4.8461 -1.5747 12.5183 10.6262  9.3440  8.5090  8.1525  8.0411
  33  0.441747  3.5687  4.8239 -1.5124 12.3118 10.4159  9.1402  8.3498  8.0073  7.8992
  34  0.451673  3.5720  4.8117 -1.4778 12.1994 10.2954  9.0214  8.2605  7.9276  7.8217
  35  0.461637  3.5750  4.7996 -1.4438 12.0887 10.1777  8.9061  8.1728  7.8489  7.7450
  36  0.472082  3.5784  4.7870 -1.4079 11.9696 10.0533  8.7862  8.0803  7.7658  7.6642
  37  0.483241  3.5822  4.7737 -1.3692 11.8393  9.9180  8.6570  7.9805  7.6762  7.5770
  38  0.494709  3.5863  4.7602 -1.3288 11.7022  9.7756  8.5225  7.8764  7.5833  7.4867
  39  0.505886  3.5906  4.7474 -1.2893 11.5660  9.6343  8.3910  7.7741  7.4920  7.3980
  40  0.516831  3.5951  4.7354 -1.2504 11.4318  9.4939  8.2616  7.6736  7.4026  7.3111
  41  0.528057  3.5997  4.7237 -1.2104 11.2939  9.3481  8.1280  7.5703  7.3110  7.2223
  42  0.539887  3.6050  4.7119 -1.1681 11.1465  9.1908  7.9852  7.4604  7.2142  7.1286
  43  0.552117  3.6108  4.7003 -1.1238 10.9900  9.0229  7.8363  7.3453  7.1130  7.0305
  44  0.564953  3.6172  4.6891 -1.0768 10.8200  8.8411  7.6795  7.2236  7.0062  6.9271
  45  0.578549  3.6245  4.6784 -1.0268 10.6302  8.6428  7.5134  7.0942  6.8927  6.8172
  46  0.592691  3.6326  4.6689 -0.9742 10.4142  8.4269  7.3389  6.9585  6.7739  6.7023
  47  0.606717  3.6413  4.6612 -0.9217 10.1729  8.2028  7.1646  6.8221  6.6545  6.5873
  48  0.620339  3.6500  4.6545 -0.8705  9.9136  7.9815  6.9979  6.6891  6.5369  6.4743
  49  0.633343  3.6583  4.6482 -0.8220  9.6484  7.7723  6.8438  6.5620  6.4229  6.3651
  50  0.645680  3.6662  4.6421 -0.7762  9.3870  7.5775  6.7018  6.4418  6.3141  6.2609
  51  0.657461  3.6736  4.6361 -0.7327  9.1334  7.3970  6.5707  6.3285  6.2110  6.1621
  52  0.663169  3.6772  4.6331 -0.7117  9.0102  7.3119  6.5089  6.2744  6.1614  6.1147
  53  0.668906  3.6807  4.6299 -0.6908  8.8881  7.2282  6.4481  6.2206  6.1122  6.0677
  54  0.674683  3.6841  4.6265 -0.6699  8.7685  7.1465  6.3880  6.1672  6.0632  6.0207
  55  0.680510  3.6874  4.6231 -0.6491  8.6517  7.0663  6.3286  6.1143  6.0146  5.9741
  56  0.686381  3.6908  4.6194 -0.6284  8.5417  6.9884  6.2699  6.0619  5.9663  5.9278
  57  0.692254  3.6941  4.6158 -0.6079  8.4353  6.9124  6.2119  6.0101  5.9186  5.8819
  58  0.698101  3.6973  4.6120 -0.5876  8.3325  6.8383  6.1550  5.9590  5.8715  5.8367
  59  0.703886  3.7005  4.6081 -0.5675  8.2326  6.7662  6.0991  5.9089  5.8253  5.7922
  60  0.709573  3.7036  4.6041 -0.5478  8.1354  6.6964  6.0445  5.8598  5.7800  5.7485
  61  0.715136  3.7065  4.6000 -0.5283  8.0398  6.6284  5.9913  5.8118  5.7356  5.7058
  62  0.720553  3.7094  4.5959 -0.5093  7.9460  6.5626  5.9396  5.7649  5.6923  5.6640
  63  0.725803  3.7123  4.5916 -0.4905  7.8545  6.4987  5.8891  5.7193  5.6500  5.6233
  64  0.730892  3.7150  4.5872 -0.4722  7.7654  6.4368  5.8400  5.6747  5.6086  5.5835
  65  0.735841  3.7177  4.5828 -0.4542  7.6789  6.3768  5.7920  5.6311  5.5682  5.5444
  66  0.740654  3.7202  4.5782 -0.4365  7.5950  6.3185  5.7453  5.5886  5.5286  5.5063
  67  0.745355  3.7227  4.5735 -0.4191  7.5138  6.2619  5.6997  5.5470  5.4899  5.4688
  68  0.749968  3.7251  4.5689 -0.4020  7.4350  6.2067  5.6551  5.5062  5.4518  5.4320
  69  0.754503  3.7275  4.5640 -0.3852  7.3585  6.1530  5.6114  5.4663  5.4145  5.3959
  70  0.758983  3.7298  4.5591 -0.3687  7.2841  6.1006  5.5685  5.4271  5.3778  5.3604
  71  0.763420  3.7320  4.5541 -0.3524  7.2118  6.0494  5.5266  5.3885  5.3416  5.3253
  72  0.767835  3.7341  4.5491 -0.3362  7.1411  5.9992  5.4852  5.3504  5.3060  5.2908
  73  0.772227  3.7362  4.5439 -0.3203  7.0724  5.9501  5.4445  5.3129  5.2707  5.2566
  74  0.776609  3.7382  4.5387 -0.3045  7.0053  5.9020  5.4045  5.2759  5.2358  5.2227
  75  0.780981  3.7401  4.5333 -0.2890  6.9399  5.8548  5.3650  5.2392  5.2012  5.1892
  76  0.785329  3.7421  4.5280 -0.2735  6.8762  5.8086  5.3259  5.2030  5.1670  5.1560
  77  0.789645  3.7439  4.5225 -0.2583  6.8138  5.7632  5.2876  5.1672  5.1332  5.1231
  78  0.793924  3.7457  4.5170 -0.2433  6.7531  5.7187  5.2497  5.1320  5.0997  5.0906
  79  0.798148  3.7474  4.5113 -0.2284  6.6939  5.6749  5.2124  5.0971  5.0667  5.0583
  80  0.802316  3.7491  4.5056 -0.2137  6.6360  5.6320  5.1757  5.0627  5.0340  5.0265
  81  0.806410  3.7507  4.4997 -0.1993  6.5797  5.5899  5.1395  5.0288  5.0017  4.9951
  82  0.810968  3.7525  4.4929 -0.1829  6.5173  5.5429  5.0991  4.9909  4.9655  4.9597
  83  0.815439  3.7541  4.4859 -0.1668  6.4564  5.4968  5.0593  4.9535  4.9298  4.9249
  84  0.819813  3.7558  4.4788 -0.1510  6.3972  5.4514  5.0202  4.9166  4.8946  4.8905
  85  0.824088  3.7573  4.4716 -0.1353  6.3393  5.4068  4.9815  4.8803  4.8598  4.8564
  86  0.828272  3.7588  4.4642 -0.1198  6.2829  5.3630  4.9434  4.8443  4.8254  4.8226
  87  0.832370  3.7602  4.4567 -0.1045  6.2281  5.3199  4.9058  4.8088  4.7912  4.7892
  88  0.836383  3.7615  4.4492 -0.0894  6.1747  5.2777  4.8688  4.7737  4.7575  4.7561
  89  0.840319  3.7628  4.4415 -0.0745  6.1226  5.2360  4.8322  4.7390  4.7240  4.7232
  90  0.844180  3.7641  4.4337 -0.0597  6.0716  5.1950  4.7960  4.7047  4.6908  4.6907
  91  0.847974  3.7653  4.4260 -0.0451  6.0217  5.1546  4.7602  4.6706  4.6581  4.6584
  92  0.851699  3.7665  4.4181 -0.0307  5.9735  5.1149  4.7247  4.6368  4.6253  4.6262
  93  0.855350  3.7676  4.4102 -0.0165  5.9262  5.0758  4.6897  4.6034  4.5929  4.5944
  94  0.858929  3.7687  4.4022 -0.0023  5.8801  5.0373  4.6551  4.5704  4.5609  4.5628
  95  0.862432  3.7697  4.3942  0.0115  5.8351  4.9995  4.6210  4.5377  4.5292  4.5315
  96  0.865861  3.7707  4.3862  0.0252  5.7911  4.9623  4.5874  4.5055  4.4979  4.5007
  97  0.869210  3.7717  4.3782  0.0387  5.7482  4.9257  4.5542  4.4737  4.4670  4.4701
  98  0.872484  3.7725  4.3703  0.0519  5.7062  4.8899  4.5216  4.4424  4.4366  4.4401
  99  0.875682  3.7734  4.3624  0.0650  5.6653  4.8547  4.4896  4.4116  4.4065  4.4104
 100  0.878803  3.7742  4.3544  0.0778  5.6253  4.8201  4.4580  4.3812  4.3769  4.3811
 101  0.881848  3.7751  4.3465  0.0904  5.5863  4.7863  4.4270  4.3513  4.3478  4.3523
 102  0.884825  3.7758  4.3386  0.1028  5.5484  4.7532  4.3964  4.3219  4.3190  4.3239
 103  0.887734  3.7766  4.3307  0.1150  5.5114  4.7206  4.3665  4.2930  4.2906  4.2959
 104  0.890586  3.7772  4.3228  0.1270  5.4751  4.6887  4.3370  4.2645  4.2628  4.2683
 105  0.893389  3.7779  4.3150  0.1388  5.4398  4.6575  4.3080  4.2365  4.2353  4.2411
 106  0.896155  3.7784  4.3071  0.1503  5.4054  4.6268  4.2796  4.2088  4.2081  4.2142
 107  0.898890  3.7790  4.2993  0.1618  5.3717  4.5968  4.2515  4.1816  4.1814  4.1877
 108  0.901592  3.7795  4.2914  0.1730  5.3390  4.5673  4.2239  4.1547  4.1549  4.1614
 109  0.904242  3.7800  4.2835  0.1841  5.3070  4.5384  4.1968  4.1282  4.1288  4.1355
 110  0.906753  3.7805  4.2757  0.1948  5.2755  4.5100  4.1700  4.1022  4.1031  4.1101
 111  0.909159  3.7810  4.2681  0.2055  5.2447  4.4821  4.1438  4.0766  4.0780  4.0851
 112  0.910313  3.7811  4.2643  0.2107  5.2300  4.4686  4.1311  4.0642  4.0657  4.0729
 113  0.911464  3.7813  4.2604  0.2160  5.2151  4.4550  4.1182  4.0516  4.0533  4.0605
 114  0.912613  3.7815  4.2563  0.2213  5.2002  4.4413  4.1051  4.0388  4.0407  4.0480
 115  0.913759  3.7817  4.2522  0.2266  5.1853  4.4275  4.0919  4.0258  4.0279  4.0353
 116  0.914905  3.7819  4.2479  0.2320  5.1703  4.4135  4.0786  4.0128  4.0149  4.0224
 117  0.916049  3.7820  4.2437  0.2374  5.1552  4.3995  4.0652  3.9996  4.0017  4.0093
 118  0.917194  3.7821  4.2393  0.2429  5.1401  4.3854  4.0516  3.9862  3.9885  3.9961
 119  0.918338  3.7823  4.2348  0.2484  5.1250  4.3712  4.0379  3.9727  3.9752  3.9828
 120  0.919481  3.7824  4.2303  0.2540  5.1098  4.3569  4.0241  3.9591  3.9616  3.9694
 121  0.920624  3.7825  4.2257  0.2596  5.0946  4.3425  4.0103  3.9454  3.9479  3.9558
 122  0.921770  3.7826  4.2210  0.2652  5.0794  4.3280  3.9962  3.9315  3.9342  3.9420
 123  0.922895  3.7827  4.2162  0.2710  5.0638  4.3133  3.9819  3.9174  3.9202  3.9281
 124  0.924025  3.7828  4.2115  0.2768  5.0482  4.2985  3.9677  3.9033  3.9061  3.9140
 125  0.925160  3.7829  4.2066  0.2826  5.0326  4.2837  3.9533  3.8891  3.8920  3.8999
 126  0.926294  3.7830  4.2017  0.2885  5.0170  4.2689  3.9388  3.8747  3.8777  3.8857
 127  0.927429  3.7831  4.1967  0.2943  5.0015  4.2540  3.9243  3.8603  3.8633  3.8714
 128  0.928564  3.7832  4.1916  0.3001  4.9860  4.2390  3.9096  3.8458  3.8488  3.8569
 129  0.929697  3.7832  4.1863  0.3061  4.9705  4.2241  3.8949  3.8311  3.8342  3.8423
 130  0.930831  3.7833  4.1810  0.3120  4.9551  4.2091  3.8801  3.8163  3.8194  3.8275
 131  0.931963  3.7833  4.1756  0.3180  4.9400  4.1940  3.8651  3.8015  3.8044  3.8125
 132  0.933093  3.7832  4.1699  0.3241  4.9248  4.1790  3.8501  3.7864  3.7894  3.7975
 133  0.934219  3.7832  4.1643  0.3301  4.9097  4.1639  3.8350  3.7712  3.7741  3.7822
 134  0.935341  3.7831  4.1584  0.3362  4.8947  4.1487  3.8198  3.7559  3.7588  3.7668
 135  0.936462  3.7830  4.1526  0.3423  4.8798  4.1336  3.8044  3.7405  3.7433  3.7513
 136  0.937577  3.7829  4.1464  0.3484  4.8651  4.1185  3.7891  3.7250  3.7275  3.7355
 137  0.938688  3.7828  4.1402  0.3546  4.8504  4.1033  3.7735  3.7092  3.7118  3.7195
 138  0.939795  3.7826  4.1339  0.3608  4.8359  4.0882  3.7579  3.6934  3.6957  3.7036
 139  0.940898  3.7824  4.1274  0.3671  4.8214  4.0730  3.7422  3.6775  3.6795  3.6873
 140  0.941995  3.7822  4.1207  0.3733  4.8073  4.0578  3.7264  3.6615  3.6633  3.6709
 141  0.943087  3.7819  4.1140  0.3796  4.7933  4.0427  3.7106  3.6452  3.6468  3.6543
 142  0.944176  3.7816  4.1070  0.3860  4.7795  4.0276  3.6946  3.6289  3.6302  3.6375
 143  0.945258  3.7813  4.0998  0.3923  4.7660  4.0126  3.6786  3.6123  3.6133  3.6206
 144  0.946335  3.7810  4.0924  0.3987  4.7528  3.9976  3.6624  3.5957  3.5963  3.6034
 145  0.947409  3.7805  4.0849  0.4051  4.7398  3.9826  3.6463  3.5790  3.5792  3.5862
 146  0.948477  3.7801  4.0773  0.4115  4.7270  3.9677  3.6300  3.5620  3.5618  3.5686
 147  0.949542  3.7797  4.0694  0.4180  4.7145  3.9529  3.6137  3.5451  3.5444  3.5509
 148  0.950603  3.7791  4.0612  0.4244  4.7025  3.9382  3.5973  3.5278  3.5266  3.5330
 149  0.951662  3.7784  4.0528  0.4309  4.6910  3.9237  3.5808  3.5106  3.5087  3.5148
 150  0.952720  3.7778  4.0440  0.4373  4.6802  3.9093  3.5643  3.4930  3.4906  3.4963
 151  0.953776  3.7770  4.0349  0.4438  4.6701  3.8953  3.5477  3.4753  3.4721  3.4775
 152  0.954834  3.7761  4.0253  0.4503  4.6608  3.8815  3.5311  3.4575  3.4534  3.4584
 153  0.955894  3.7750  4.0149  0.4567  4.6531  3.8685  3.5145  3.4393  3.4342  3.4387
 154  0.956961  3.7738  4.0042  0.4631  4.6458  3.8557  3.4980  3.4211  3.4148  3.4189
 155  0.958038  3.7724  3.9925  0.4695  4.6411  3.8439  3.4815  3.4025  3.3949  3.3983
 156  0.959136  3.7708  3.9803  0.4759  4.6380  3.8327  3.4652  3.3839  3.3748  3.3774
 157  0.960259  3.7688  3.9668  0.4820  4.6389  3.8232  3.4493  3.3650  3.3540  3.3559
 158  0.961421  3.7665  3.9521  0.4879  4.6443  3.8155  3.4337  3.3459  3.3327  3.3335
 159  0.962633  3.7637  3.9360  0.4934  4.6563  3.8105  3.4190  3.3273  3.3113  3.3109
 160  0.963885  3.7603  3.9184  0.4981  4.6785  3.8101  3.4065  3.3097  3.2904  3.2884
 161  0.965095  3.7563  3.8998  0.5012  4.7127  3.8161  3.3978  3.2950  3.2717  3.2678
 162  0.966009  3.7528  3.8853  0.5021  4.7492  3.8265  3.3951  3.2871  3.2602  3.2547
 163  0.966915  3.7488  3.8692  0.5024  4.7952  3.8411  3.3946  3.2803  3.2492  3.2418
 164  0.967815  3.7442  3.8515  0.5020  4.8507  3.8605  3.3964  3.2750  3.2391  3.2294
 165  0.968712  3.7390  3.8314  0.5018  4.9130  3.8823  3.3987  3.2694  3.2278  3.2156
 166  0.969611  3.7336  3.8085  0.5035  4.9748  3.9014  3.3974  3.2594  3.2121  3.1971
 167  0.970486  3.7283  3.7829  0.5088  5.0265  3.9116  3.3878  3.2417  3.1884  3.1708
 168  0.971291  3.7240  3.7562  0.5181  5.0600  3.9092  3.3682  3.2149  3.1566  3.1368
 169  0.972007  3.7204  3.7302  0.5304  5.0749  3.8955  3.3409  3.1819  3.1196  3.0978
 170  0.972641  3.7178  3.7058  0.5447  5.0749  3.8734  3.3085  3.1451  3.0796  3.0565
 171  0.973216  3.7158  3.6828  0.5598  5.0645  3.8461  3.2731  3.1063  3.0384  3.0143
 172  0.973746  3.7142  3.6608  0.5755  5.0473  3.8155  3.2361  3.0665  2.9966  2.9716
 173  0.974247  3.7129  3.6398  0.5915  5.0249  3.7824  3.1980  3.0261  2.9546  2.9290
 174  0.974727  3.7118  3.6195  0.6077  4.9996  3.7480  3.1590  2.9853  2.9125  2.8863
 175  0.975189  3.7108  3.5996  0.6240  4.9715  3.7123  3.1196  2.9442  2.8702  2.8435
 176  0.975639  3.7099  3.5800  0.6405  4.9412  3.6757  3.0798  2.9029  2.8280  2.8008
 177  0.976079  3.7093  3.5608  0.6569  4.9095  3.6384  3.0397  2.8616  2.7856  2.7581
 178  0.976509  3.7086  3.5420  0.6735  4.8764  3.6005  2.9993  2.8201  2.7434  2.7155
 179  0.976934  3.7081  3.5233  0.6902  4.8421  3.5621  2.9588  2.7785  2.7010  2.6729
 180  0.977353  3.7075  3.5049  0.7067  4.8073  3.5234  2.9182  2.7370  2.6588  2.6305
 181  0.977767  3.7071  3.4864  0.7233  4.7722  3.4848  2.8776  2.6954  2.6166  2.5880
 182  0.978116  3.7066  3.4705  0.7376  4.7419  3.4514  2.8426  2.6596  2.5803  2.5514
 183  0.978464  3.7062  3.4546  0.7521  4.7109  3.4175  2.8072  2.6235  2.5437  2.5146
 184  0.978812  3.7059  3.4386  0.7667  4.6792  3.3832  2.7714  2.5870  2.5066  2.4774
 185  0.979160  3.7054  3.4224  0.7814  4.6473  3.3485  2.7353  2.5502  2.4693  2.4398
 186  0.979508  3.7051  3.4062  0.7964  4.6146  3.3133  2.6987  2.5129  2.4315  2.4018
 187  0.979856  3.7047  3.3896  0.8116  4.5814  3.2776  2.6614  2.4749  2.3930  2.3632
 188  0.980203  3.7043  3.3730  0.8268  4.5482  3.2416  2.6241  2.4368  2.3544  2.3244
 189  0.980549  3.7040  3.3560  0.8424  4.5138  3.2047  2.5857  2.3978  2.3149  2.2846
 190  0.980893  3.7036  3.3384  0.8586  4.4780  3.1663  2.5459  2.3572  2.2738  2.2433
 191  0.981232  3.7032  3.3199  0.8757  4.4406  3.1260  2.5042  2.3147  2.2307  2.2001
 192  0.981564  3.7027  3.3001  0.8939  4.4007  3.0831  2.4595  2.2692  2.1847  2.1538
 193  0.981889  3.7023  3.2790  0.9131  4.3591  3.0381  2.4126  2.2213  2.1361  2.1049
 194  0.982207  3.7017  3.2570  0.9331  4.3157  2.9911  2.3633  2.1711  2.0852  2.0538
 195  0.982517  3.7011  3.2338  0.9542  4.2700  2.9415  2.3116  2.1183  2.0317  2.0000
 196  0.982819  3.7006  3.2094  0.9764  4.2227  2.8898  2.2575  2.0630  1.9756  1.9436
 197  0.983111  3.6999  3.1837  0.9996  4.1733  2.8357  2.2008  2.0051  1.9168  1.8845
 198  0.983396  3.6992  3.1573  1.0234  4.1230  2.7802  2.1427  1.9456  1.8565  1.8237
 199  0.983673  3.6985  3.1299  1.0479  4.0720  2.7234  2.0828  1.8843  1.7942  1.7611
 200  0.983943  3.6977  3.1016  1.0731  4.0201  2.6654  2.0214  1.8214  1.7302  1.6967
 201  0.984206  3.6968  3.0727  1.0989  3.9676  2.6061  1.9587  1.7570  1.6647  1.6308
 202  0.984459  3.6960  3.0427  1.1254  3.9143  2.5455  1.8944  1.6909  1.5975  1.5631
 203  0.984705  3.6950  3.0120  1.1525  3.8606  2.4840  1.8288  1.6236  1.5288  1.4939
 204  0.984943  3.6940  2.9803  1.1801  3.8070  2.4215  1.7620  1.5548  1.4586  1.4231
 205  0.985171  3.6928  2.9479  1.2082  3.7532  2.3583  1.6940  1.4846  1.3870  1.3510
 206  0.985391  3.6917  2.9147  1.2368  3.6995  2.2943  1.6251  1.4134  1.3141  1.2775
 207  0.985603  3.6905  2.8807  1.2660  3.6454  2.2294  1.5551  1.3409  1.2400  1.2028
 208  0.985805  3.6892  2.8461  1.2956  3.5914  2.1639  1.4840  1.2674  1.1648  1.1269
 209  0.985999  3.6879  2.8109  1.3256  3.5375  2.0977  1.4121  1.1930  1.0885  1.0500
 210  0.986185  3.6865  2.7752  1.3560  3.4839  2.0312  1.3395  1.1176  1.0113  0.9719
 211  0.986363  3.6851  2.7388  1.3867  3.4307  1.9641  1.2660  1.0414  0.9332  0.8930
 212  0.986532  3.6837  2.7020  1.4178  3.3777  1.8967  1.1920  0.9645  0.8544  0.8133
 213  0.986694  3.6821  2.6642  1.4493  3.3274  1.8296  1.1175  0.8869  0.7745  0.7325
 214  0.986845  3.6805  2.6262  1.4811  3.2765  1.7614  1.0418  0.8081  0.6935  0.6507
 215  0.986988  3.6788  2.5851  1.5158  3.2210  1.6877  0.9600  0.7227  0.6058  0.5620
 216  0.987132  3.6770  2.5424  1.5511  3.1675  1.6134  0.8768  0.6355  0.5159  0.4711
 217  0.987151  3.6768  2.5366  1.5561  3.1601  1.6032  0.8655  0.6234  0.5035  0.4586
 218  0.987170  3.6766  2.5312  1.5605  3.1533  1.5938  0.8548  0.6124  0.4921  0.4470
 219  0.987188  3.6763  2.5260  1.5649  3.1467  1.5845  0.8443  0.6016  0.4810  0.4357
 220  0.987207  3.6761  2.5206  1.5693  3.1400  1.5752  0.8340  0.5906  0.4697  0.4244
 221  0.987227  3.6759  2.5154  1.5737  3.1335  1.5660  0.8236  0.5799  0.4586  0.4131
 222  0.987246  3.6756  2.5101  1.5781  3.1269  1.5567  0.8132  0.5690  0.4475  0.4018
 223  0.987265  3.6754  2.5048  1.5825  3.1205  1.5476  0.8029  0.5582  0.4364  0.3906
 224  0.987284  3.6752  2.4995  1.5869  3.1141  1.5383  0.7925  0.5474  0.4252  0.3793
 225  0.987304  3.6749  2.4942  1.5913  3.1077  1.5292  0.7822  0.5366  0.4141  0.3681
 226  0.987322  3.6747  2.4889  1.5955  3.1013  1.5200  0.7720  0.5258  0.4030  0.3568
 227  0.987501  3.6729  2.4455  1.6317  3.0485  1.4442  0.6864  0.4366  0.3113  0.2639
 228  0.987669  3.6723  2.4305  1.6447  3.0253  1.4138  0.6538  0.4035  0.2777  0.2301
 229  0.987843  3.6739  2.4599  1.6217  3.0512  1.4560  0.7042  0.4582  0.3350  0.2885
 230  0.988045  3.6715  2.4029  1.6690  2.9822  1.3562  0.5919  0.3411  0.2147  0.1667
 231  0.988228  3.6684  2.3366  1.7230  2.9114  1.2470  0.4661  0.2088  0.0781  0.0283
 232  0.988391  3.6655  2.2757  1.7723  2.8489  1.1481  0.3515  0.0883 -0.0465 -0.0979
 233  0.988536  3.6633  2.2295  1.8099  2.8037  1.0743  0.2650 -0.0027 -0.1407 -0.1934
 234  0.988673  3.6620  2.2017  1.8326  2.7796  1.0315  0.2141 -0.0565 -0.1966 -0.2501
 235  0.988807  3.6590  2.1405  1.8817  2.7218  0.9356  0.1014 -0.1757 -0.3202 -0.3756
 236  0.988926  3.6555  2.0723  1.9364  2.6595  0.8298 -0.0235 -0.3081 -0.4576 -0.5151
 237  0.989031  3.6521  2.0060  1.9890  2.6038  0.7303 -0.1429 -0.4350 -0.5897 -0.6493
 238  0.989124  3.6486  1.9399  2.0411  2.5515  0.6336 -0.2603 -0.5602 -0.7204 -0.7821
 239  0.989207  3.6451  1.8738  2.0931  2.5018  0.5391 -0.3760 -0.6844 -0.8503 -0.9143
 240  0.989281  3.6415  1.8080  2.1445  2.4549  0.4471 -0.4895 -0.8069 -0.9788 -1.0451
 241  0.989346  3.6381  1.7467  2.1922  2.4158  0.3647 -0.5926 -0.9194 -1.0973 -1.1658
 242  0.989405  3.6347  1.6875  2.2381  2.3797  0.2869 -0.6909 -1.0273 -1.2113 -1.2820
 243  0.989458  3.6314  1.6296  2.2828  2.3457  0.2120 -0.7861 -1.1322 -1.3222 -1.3950
 244  0.989505  3.6281  1.5722  2.3271  2.3130  0.1394 -0.8792 -1.2355 -1.4318 -1.5067
 245  0.989548  3.6248  1.5160  2.3702  2.2825  0.0706 -0.9683 -1.3354 -1.5382 -1.6153
 246  0.989587  3.6216  1.4609  2.4122  2.2533  0.0049 -1.0539 -1.4325 -1.6420 -1.7213
 247  0.989623  3.6184  1.4069  2.4534  2.2251 -0.0577 -1.1357 -1.5271 -1.7434 -1.8249
 248  0.989656  3.6152  1.3538  2.4936  2.1981 -0.1175 -1.2144 -1.6192 -1.8427 -1.9262
 249  0.989685  3.6120  1.3020  2.5329  2.1715 -0.1747 -1.2899 -1.7090 -1.9396 -2.0251
 250  0.989713  3.6089  1.2510  2.5714  2.1453 -0.2296 -1.3624 -1.7967 -2.0347 -2.1221
 251  0.989737  3.6058  1.2011  2.6090  2.1195 -0.2824 -1.4319 -1.8825 -2.1279 -2.2171
 252  0.989760  3.6028  1.1524  2.6456  2.0938 -0.3324 -1.4976 -1.9656 -2.2186 -2.3097
 253  0.989781  3.5998  1.1045  2.6817  2.0683 -0.3792 -1.5593 -2.0466 -2.3076 -2.4005
 254  0.989800  3.5969  1.0576  2.7167  2.0434 -0.4222 -1.6164 -2.1250 -2.3944 -2.4892
 255  0.989818  3.5939  1.0117  2.7510  2.0189 -0.4613 -1.6688 -2.2006 -2.4789 -2.5758
 256  0.989834  3.5911  0.9665  2.7845  1.9942 -0.4972 -1.7162 -2.2743 -2.5618 -2.6609
 257  0.989850  3.5882  0.9224  2.8173  1.9687 -0.5309 -1.7590 -2.3464 -2.6435 -2.7444
 258  0.989864  3.5853  0.8791  2.8493  1.9430 -0.5606 -1.7965 -2.4163 -2.7233 -2.8261
 259  0.989878  3.5826  0.8366  2.8805  1.9172 -0.5858 -1.8281 -2.4838 -2.8014 -2.9064
 260  0.989890  3.5798  0.7951  2.9110  1.8909 -0.6071 -1.8549 -2.5488 -2.8775 -2.9849
 261  0.989901  3.5771  0.7544  2.9408  1.8645 -0.6241 -1.8764 -2.6109 -2.9513 -3.0614
 262  0.989912  3.5744  0.7145  2.9700  1.8377 -0.6368 -1.8931 -2.6704 -3.0233 -3.1363
 263  0.989922  3.5718  0.6754  2.9986  1.8103 -0.6448 -1.9042 -2.7269 -3.0932 -3.2096
 264  0.989932  3.5692  0.6372  3.0264  1.7829 -0.6471 -1.9084 -2.7799 -3.1606 -3.2812
 265  0.989940  3.5666  0.5996  3.0538  1.7550 -0.6363 -1.8949 -2.8275 -3.2258 -3.3516
 266  0.989948  3.5641  0.5628  3.0805  1.7271 -0.6213 -1.8763 -2.8721 -3.2888 -3.4203
 267  0.989956  3.5616  0.5269  3.1065  1.6980 -0.6016 -1.8523 -2.9131 -3.3496 -3.4874
 268  0.989964  3.5592  0.4917  3.1320  1.6679 -0.5786 -1.8249 -2.9509 -3.4082 -3.5529
 269  0.989971  3.5568  0.4572  3.1569  1.6386 -0.5521 -1.7943 -2.9856 -3.4643 -3.6165
 270  0.989977  3.5544  0.4233  3.1813  1.6098 -0.5220 -1.7602 -3.0172 -3.5180 -3.6783
 271  0.989983  3.5521  0.3902  3.2052  1.5820 -0.4890 -1.7242 -3.0460 -3.5695 -3.7380
 272  0.989989  3.5498  0.3577  3.2284  1.5556 -0.4521 -1.6858 -3.0716 -3.6184 -3.7956
 273  0.989995  3.5475  0.3258  3.2512  1.5304 -0.4122 -1.6457 -3.0941 -3.6649 -3.8514
 274  0.990000  3.5451  0.2940  3.2733  1.5086 -0.3616 -1.5990 -3.1096 -3.7064 -3.9038
 275  0.990005  3.5428  0.2629  3.2951  1.4910 -0.3036 -1.5557 -3.1171 -3.7416 -3.9518
 276  0.990010  3.5405  0.2326  3.3163  1.4753 -0.2451 -1.5135 -3.1229 -3.7744 -3.9978
 277  0.990014  3.5382  0.2032  3.3368  1.4599 -0.1855 -1.4715 -3.1263 -3.8048 -4.0414
 278  0.990019  3.5362  0.1751  3.3564  1.4424 -0.1321 -1.4358 -3.1326 -3.8349 -4.0839
 279  0.990022  3.5344  0.1508  3.3734  1.4275 -0.0851 -1.4051 -3.1372 -3.8602 -4.1201
