#NUMBER OF AGES= 1 MAGS= 6
#----------------------------------------------------       
#MIX-LEN  Y      Z          Zeff        [Fe/H] [a/Fe]
# 1.9380  0.2470 1.2466E-03 6.3454E-04  -1.43   0.40 
#----------------------------------------------------       
#**PHOTOMETRIC SYSTEM**: DECam (AB)
#----------------------------------------------------       
#AGE=11.300 EEPS=267
#EEP   M/Mo    LogTeff  LogG   LogL/Lo DECam_u DECam_g DECam_r DECam_i DECam_z DECam_Y
  12  0.105811  3.5265  5.3447 -2.8227 16.4763 14.1862 12.6504 11.6490 11.2684 11.1601
  13  0.117692  3.5325  5.2909 -2.6989 16.0455 13.7810 12.2583 11.3336 10.9685 10.8610
  14  0.131631  3.5389  5.2365 -2.5706 15.5912 13.3621 11.8563 11.0065 10.6568 10.5505
  15  0.148385  3.5459  5.1868 -2.4409 15.1252 12.9375 11.4527 10.6755 10.3417 10.2369
  16  0.166782  3.5528  5.1481 -2.3236 14.6962 12.5505 11.0889 10.3751 10.0561  9.9536
  17  0.184154  3.5586  5.1184 -2.2277 14.3494 12.2382 10.7981 10.1300  9.8225  9.7220
  18  0.199879  3.5629  5.0936 -2.1499 14.0759 11.9919 10.5692  9.9320  9.6328  9.5338
  19  0.215487  3.5664  5.0706 -2.0803 13.8371 11.7762 10.3687  9.7551  9.4623  9.3648
  20  0.232060  3.5696  5.0490 -2.0137 13.6125 11.5732 10.1803  9.5866  9.2995  9.2031
  21  0.248281  3.5724  5.0304 -1.9546 13.4145 11.3941 10.0144  9.4371  9.1549  9.0596
  22  0.264242  3.5748  5.0146 -1.9019 13.2386 11.2347  9.8670  9.3036  9.0257  8.9315
  23  0.279524  3.5770  5.0010 -1.8553 13.0844 11.0947  9.7375  9.1859  8.9118  8.8185
  24  0.292040  3.5787  4.9903 -1.8189 12.9639 10.9847  9.6365  9.0936  8.8224  8.7299
  25  0.301904  3.5799  4.9818 -1.7910 12.8717 10.9008  9.5593  9.0229  8.7541  8.6621
  26  0.309386  3.5809  4.9759 -1.7708 12.8053 10.8400  9.5035  8.9718  8.7045  8.6130
  27  0.315022  3.5815  4.9717 -1.7561 12.7571 10.7962  9.4633  8.9347  8.6687  8.5775
  28  0.319371  3.5820  4.9686 -1.7450 12.7202 10.7626  9.4325  8.9065  8.6413  8.5504
  29  0.322868  3.5824  4.9659 -1.7358 12.6898 10.7350  9.4073  8.8834  8.6189  8.5281
  30  0.326112  3.5828  4.9635 -1.7275 12.6613 10.7091  9.3839  8.8620  8.5983  8.5077
  31  0.329461  3.5832  4.9610 -1.7187 12.6320 10.6826  9.3598  8.8400  8.5770  8.4866
  32  0.333053  3.5838  4.9581 -1.7093 12.6006 10.6540  9.3337  8.8161  8.5540  8.4638
  33  0.336797  3.5842  4.9551 -1.6996 12.5686 10.6254  9.3077  8.7919  8.5303  8.4403
  34  0.342059  3.5847  4.9502 -1.6855 12.5222 10.5835  9.2691  8.7563  8.4959  8.4061
  35  0.353388  3.5867  4.9381 -1.6522 12.4123 10.4799  9.1723  8.6718  8.4155  8.3267
  36  0.376800  3.5904  4.9127 -1.5839 12.1768 10.2689  8.9843  8.4991  8.2490  8.1620
  37  0.410710  3.5978  4.8711 -1.4749 11.7774  9.9178  8.6816  8.2225  7.9842  7.9006
  38  0.424117  3.6014  4.8524 -1.4279 11.6030  9.7633  8.5499  8.1029  7.8703  7.7885
  39  0.434973  3.6048  4.8367 -1.3880 11.4546  9.6311  8.4375  8.0015  7.7740  7.6938
  40  0.445630  3.6083  4.8213 -1.3478 11.3028  9.4957  8.3238  7.8992  7.6773  7.5987
  41  0.456992  3.6126  4.8055 -1.3041 11.1346  9.3457  8.1996  7.7877  7.5723  7.4957
  42  0.468675  3.6176  4.7899 -1.2575 10.9516  9.1822  8.0669  7.6690  7.4611  7.3869
  43  0.479835  3.6230  4.7757 -1.2117 10.7666  9.0166  7.9352  7.5524  7.3524  7.2807
  44  0.490244  3.6284  4.7637 -1.1682 10.5850  8.8533  7.8085  7.4418  7.2506  7.1816
  45  0.499871  3.6338  4.7534 -1.1278 10.4105  8.6977  7.6898  7.3390  7.1565  7.0902
  46  0.508765  3.6392  4.7448 -1.0901 10.2427  8.5498  7.5786  7.2434  7.0696  7.0059
  47  0.517244  3.6448  4.7379 -1.0536 10.0721  8.4038  7.4701  7.1508  6.9858  6.9249
  48  0.525811  3.6508  4.7320 -1.0165  9.8902  8.2533  7.3592  7.0563  6.9004  6.8425
  49  0.534636  3.6573  4.7265 -0.9779  9.6941  8.0966  7.2446  6.9583  6.8121  6.7574
  50  0.543909  3.6642  4.7212 -0.9375  9.4802  7.9335  7.1249  6.8554  6.7190  6.6680
  51  0.553586  3.6713  4.7153 -0.8957  9.2541  7.7683  7.0025  6.7486  6.6222  6.5750
  52  0.558578  3.6749  4.7121 -0.8741  9.1379  7.6853  6.9404  6.6940  6.5724  6.5273
  53  0.563543  3.6785  4.7090 -0.8527  9.0229  7.6041  6.8791  6.6399  6.5231  6.4799
  54  0.568483  3.6820  4.7058 -0.8316  8.9090  7.5245  6.8186  6.5863  6.4741  6.4330
  55  0.573411  3.6856  4.7025 -0.8104  8.7968  7.4467  6.7589  6.5331  6.4255  6.3864
  56  0.578328  3.6891  4.6992 -0.7894  8.6861  7.3706  6.7000  6.4805  6.3773  6.3401
  57  0.583227  3.6926  4.6957 -0.7685  8.5771  7.2960  6.6419  6.4284  6.3295  6.2943
  58  0.588103  3.6959  4.6922 -0.7477  8.4698  7.2230  6.5846  6.3770  6.2823  6.2490
  59  0.592948  3.6992  4.6885 -0.7271  8.3652  7.1518  6.5283  6.3263  6.2357  6.2042
  60  0.597743  3.7025  4.6848 -0.7067  8.2632  7.0823  6.4731  6.2765  6.1898  6.1602
  61  0.602486  3.7057  4.6809 -0.6866  8.1643  7.0146  6.4190  6.2277  6.1447  6.1169
  62  0.607168  3.7088  4.6770 -0.6667  8.0686  6.9486  6.3660  6.1798  6.1005  6.0744
  63  0.611795  3.7119  4.6728 -0.6472  7.9761  6.8844  6.3140  6.1326  6.0569  6.0324
  64  0.616358  3.7149  4.6688 -0.6279  7.8868  6.8217  6.2630  6.0863  6.0141  5.9912
  65  0.620856  3.7179  4.6647 -0.6088  7.8003  6.7604  6.2130  6.0410  5.9721  5.9508
  66  0.625286  3.7208  4.6604 -0.5900  7.7166  6.7009  6.1642  5.9966  5.9309  5.9111
  67  0.629647  3.7236  4.6561 -0.5714  7.6355  6.6427  6.1163  5.9530  5.8904  5.8721
  68  0.633941  3.7263  4.6517 -0.5532  7.5566  6.5860  6.0694  5.9103  5.8507  5.8337
  69  0.638163  3.7289  4.6472 -0.5353  7.4800  6.5305  6.0237  5.8685  5.8117  5.7961
  70  0.642318  3.7314  4.6425 -0.5176  7.4052  6.4765  5.9787  5.8274  5.7735  5.7592
  71  0.646409  3.7339  4.6378 -0.5002  7.3327  6.4236  5.9348  5.7871  5.7359  5.7229
  72  0.650441  3.7363  4.6330 -0.4831  7.2624  6.3719  5.8917  5.7475  5.6988  5.6870
  73  0.654407  3.7386  4.6280 -0.4661  7.1941  6.3213  5.8493  5.7086  5.6623  5.6517
  74  0.658309  3.7410  4.6229 -0.4495  7.1277  6.2719  5.8079  5.6704  5.6266  5.6170
  75  0.662152  3.7431  4.6178 -0.4331  7.0632  6.2234  5.7671  5.6328  5.5913  5.5827
  76  0.665935  3.7452  4.6125 -0.4169  7.0008  6.1759  5.7270  5.5958  5.5564  5.5489
  77  0.669662  3.7473  4.6070 -0.4009  6.9400  6.1295  5.6876  5.5594  5.5221  5.5155
  78  0.673325  3.7492  4.6016 -0.3850  6.8809  6.0839  5.6489  5.5235  5.4881  5.4824
  79  0.676931  3.7511  4.5960 -0.3695  6.8232  6.0391  5.6107  5.4880  5.4546  5.4500
  80  0.680474  3.7530  4.5903 -0.3541  6.7672  5.9952  5.5731  5.4532  5.4216  5.4178
  81  0.683959  3.7548  4.5847 -0.3389  6.7124  5.9521  5.5362  5.4188  5.3890  5.3860
  82  0.688696  3.7573  4.5766 -0.3182  6.6386  5.8934  5.4857  5.3718  5.3444  5.3424
  83  0.693387  3.7596  4.5683 -0.2975  6.5662  5.8354  5.4356  5.3250  5.2999  5.2990
  84  0.698025  3.7619  4.5598 -0.2770  6.4950  5.7778  5.3857  5.2785  5.2555  5.2558
  85  0.702602  3.7641  4.5510 -0.2565  6.4252  5.7209  5.3362  5.2321  5.2113  5.2125
  86  0.707105  3.7662  4.5421 -0.2361  6.3565  5.6646  5.2871  5.1861  5.1674  5.1695
  87  0.711523  3.7683  4.5331 -0.2160  6.2894  5.6089  5.2384  5.1404  5.1237  5.1266
  88  0.715852  3.7704  4.5238 -0.1961  6.2236  5.5541  5.1903  5.0951  5.0803  5.0842
  89  0.720092  3.7724  4.5144 -0.1763  6.1591  5.4998  5.1426  5.0502  5.0372  5.0420
  90  0.724241  3.7742  4.5049 -0.1567  6.0959  5.4464  5.0954  5.0058  4.9945  5.0001
  91  0.728304  3.7761  4.4953 -0.1374  6.0339  5.3936  5.0487  4.9618  4.9521  4.9584
  92  0.732280  3.7779  4.4857 -0.1181  5.9729  5.3415  5.0025  4.9182  4.9101  4.9171
  93  0.736176  3.7796  4.4760 -0.0991  5.9129  5.2898  4.9566  4.8748  4.8682  4.8760
  94  0.739995  3.7814  4.4662 -0.0801  5.8539  5.2388  4.9111  4.8317  4.8266  4.8351
  95  0.743740  3.7831  4.4564 -0.0614  5.7956  5.1882  4.8659  4.7890  4.7854  4.7946
  96  0.747418  3.7847  4.4466 -0.0427  5.7381  5.1380  4.8211  4.7465  4.7444  4.7541
  97  0.751032  3.7864  4.4366 -0.0242  5.6814  5.0882  4.7764  4.7042  4.7035  4.7139
  98  0.754583  3.7879  4.4265 -0.0058  5.6253  5.0387  4.7321  4.6622  4.6627  4.6738
  99  0.758069  3.7894  4.4163  0.0126  5.5697  4.9895  4.6880  4.6203  4.6222  4.6339
 100  0.761493  3.7910  4.4061  0.0308  5.5149  4.9408  4.6442  4.5786  4.5818  4.5942
 101  0.764848  3.7924  4.3957  0.0489  5.4605  4.8923  4.6008  4.5374  4.5418  4.5547
 102  0.768130  3.7939  4.3852  0.0668  5.4070  4.8443  4.5576  4.4965  4.5020  4.5154
 103  0.771340  3.7952  4.3745  0.0847  5.3541  4.7967  4.5147  4.4556  4.4624  4.4763
 104  0.774477  3.7964  4.3638  0.1024  5.3021  4.7495  4.4720  4.4150  4.4229  4.4372
 105  0.777542  3.7977  4.3530  0.1199  5.2509  4.7029  4.4297  4.3746  4.3835  4.3983
 106  0.780535  3.7989  4.3420  0.1373  5.2004  4.6568  4.3876  4.3344  4.3442  4.3595
 107  0.783462  3.8000  4.3307  0.1545  5.1508  4.6111  4.3458  4.2944  4.3051  4.3208
 108  0.786329  3.8011  4.3195  0.1716  5.1021  4.5659  4.3043  4.2545  4.2661  4.2822
 109  0.789138  3.8021  4.3081  0.1886  5.0540  4.5213  4.2631  4.2149  4.2272  4.2437
 110  0.791892  3.8029  4.2965  0.2054  5.0067  4.4772  4.2221  4.1755  4.1885  4.2053
 111  0.794553  3.8038  4.2849  0.2220  4.9602  4.4336  4.1816  4.1363  4.1501  4.1672
 112  0.795431  3.8042  4.2810  0.2277  4.9441  4.4186  4.1677  4.1230  4.1370  4.1542
 113  0.796307  3.8046  4.2771  0.2335  4.9277  4.4033  4.1538  4.1096  4.1238  4.1412
 114  0.797180  3.8049  4.2732  0.2393  4.9113  4.3879  4.1396  4.0959  4.1105  4.1281
 115  0.798050  3.8052  4.2692  0.2451  4.8948  4.3726  4.1254  4.0823  4.0971  4.1149
 116  0.798918  3.8055  4.2652  0.2509  4.8782  4.3571  4.1111  4.0686  4.0836  4.1014
 117  0.799782  3.8059  4.2610  0.2569  4.8616  4.3415  4.0966  4.0546  4.0699  4.0878
 118  0.800641  3.8062  4.2566  0.2630  4.8449  4.3258  4.0819  4.0403  4.0559  4.0738
 119  0.801497  3.8065  4.2520  0.2690  4.8283  4.3099  4.0670  4.0259  4.0416  4.0597
 120  0.802347  3.8067  4.2472  0.2752  4.8117  4.2939  4.0519  4.0112  4.0271  4.0453
 121  0.803191  3.8069  4.2423  0.2813  4.7950  4.2779  4.0367  3.9963  4.0123  4.0305
 122  0.804031  3.8071  4.2373  0.2876  4.7781  4.2618  4.0212  3.9812  3.9974  4.0157
 123  0.804865  3.8073  4.2322  0.2939  4.7614  4.2455  4.0056  3.9660  3.9821  4.0005
 124  0.805693  3.8074  4.2269  0.3003  4.7443  4.2291  3.9899  3.9505  3.9667  3.9852
 125  0.806517  3.8075  4.2215  0.3067  4.7274  4.2126  3.9740  3.9348  3.9511  3.9697
 126  0.807333  3.8077  4.2161  0.3132  4.7103  4.1959  3.9579  3.9190  3.9354  3.9540
 127  0.808146  3.8078  4.2104  0.3197  4.6932  4.1791  3.9416  3.9030  3.9195  3.9381
 128  0.808956  3.8079  4.2047  0.3263  4.6760  4.1623  3.9253  3.8868  3.9034  3.9220
 129  0.809759  3.8080  4.1988  0.3329  4.6588  4.1455  3.9088  3.8704  3.8871  3.9058
 130  0.810558  3.8081  4.1928  0.3396  4.6417  4.1285  3.8921  3.8540  3.8706  3.8893
 131  0.811351  3.8081  4.1867  0.3463  4.6244  4.1114  3.8753  3.8373  3.8540  3.8726
 132  0.812138  3.8081  4.1804  0.3531  4.6072  4.0943  3.8583  3.8205  3.8370  3.8558
 133  0.812919  3.8081  4.1738  0.3599  4.5901  4.0771  3.8412  3.8033  3.8198  3.8385
 134  0.813691  3.8080  4.1671  0.3668  4.5729  4.0598  3.8240  3.7859  3.8023  3.8211
 135  0.814458  3.8079  4.1601  0.3737  4.5558  4.0425  3.8064  3.7683  3.7847  3.8033
 136  0.815216  3.8078  4.1531  0.3807  4.5387  4.0250  3.7888  3.7506  3.7668  3.7853
 137  0.815968  3.8076  4.1459  0.3877  4.5217  4.0075  3.7710  3.7326  3.7486  3.7671
 138  0.816710  3.8074  4.1383  0.3948  4.5047  3.9901  3.7530  3.7143  3.7302  3.7486
 139  0.817445  3.8072  4.1307  0.4019  4.4878  3.9724  3.7348  3.6958  3.7115  3.7298
 140  0.818171  3.8069  4.1228  0.4092  4.4709  3.9548  3.7165  3.6771  3.6925  3.7107
 141  0.818888  3.8066  4.1147  0.4165  4.4541  3.9371  3.6979  3.6582  3.6732  3.6914
 142  0.819595  3.8063  4.1063  0.4237  4.4375  3.9195  3.6792  3.6390  3.6537  3.6717
 143  0.820293  3.8059  4.0977  0.4311  4.4210  3.9019  3.6604  3.6195  3.6339  3.6517
 144  0.820980  3.8054  4.0888  0.4385  4.4046  3.8842  3.6413  3.5999  3.6137  3.6314
 145  0.821657  3.8049  4.0796  0.4459  4.3886  3.8665  3.6221  3.5798  3.5933  3.6107
 146  0.822323  3.8043  4.0701  0.4534  4.3727  3.8488  3.6027  3.5596  3.5725  3.5897
 147  0.822978  3.8036  4.0603  0.4609  4.3570  3.8313  3.5831  3.5390  3.5514  3.5684
 148  0.823622  3.8029  4.0501  0.4685  4.3416  3.8137  3.5634  3.5184  3.5300  3.5467
 149  0.824254  3.8020  4.0396  0.4761  4.3266  3.7962  3.5435  3.4973  3.5083  3.5246
 150  0.824873  3.8011  4.0286  0.4837  4.3120  3.7789  3.5236  3.4761  3.4862  3.5022
 151  0.825482  3.8001  4.0173  0.4913  4.2978  3.7617  3.5034  3.4545  3.4639  3.4795
 152  0.826077  3.7990  4.0054  0.4990  4.2842  3.7447  3.4832  3.4327  3.4410  3.4562
 153  0.826661  3.7978  3.9931  0.5067  4.2712  3.7278  3.4629  3.4107  3.4180  3.4326
 154  0.827231  3.7964  3.9802  0.5144  4.2588  3.7113  3.4425  3.3883  3.3944  3.4085
 155  0.827790  3.7949  3.9667  0.5221  4.2473  3.6951  3.4219  3.3656  3.3705  3.3839
 156  0.828334  3.7931  3.9523  0.5298  4.2374  3.6795  3.4012  3.3425  3.3458  3.3585
 157  0.828865  3.7910  3.9364  0.5374  4.2299  3.6649  3.3805  3.3188  3.3202  3.3320
 158  0.829382  3.7886  3.9195  0.5449  4.2244  3.6513  3.3597  3.2946  3.2939  3.3047
 159  0.829888  3.7859  3.9015  0.5524  4.2213  3.6386  3.3389  3.2698  3.2668  3.2765
 160  0.830386  3.7829  3.8826  0.5598  4.2206  3.6269  3.3181  3.2447  3.2391  3.2475
 161  0.830873  3.7795  3.8619  0.5669  4.2239  3.6171  3.2974  3.2191  3.2104  3.2173
 162  0.831297  3.7757  3.8407  0.5732  4.2324  3.6107  3.2790  3.1951  3.1830  3.1883
 163  0.831723  3.7719  3.8195  0.5794  4.2421  3.6047  3.2610  3.1716  3.1559  3.1596
 164  0.832149  3.7681  3.7983  0.5856  4.2529  3.5992  3.2433  3.1482  3.1290  3.1310
 165  0.832579  3.7645  3.7780  0.5918  4.2629  3.5932  3.2257  3.1254  3.1028  3.1032
 166  0.833011  3.7613  3.7588  0.5984  4.2706  3.5859  3.2078  3.1028  3.0771  3.0761
 167  0.833437  3.7582  3.7392  0.6054  4.2791  3.5783  3.1890  3.0790  3.0501  3.0476
 168  0.833851  3.7548  3.7186  0.6130  4.2871  3.5696  3.1688  3.0535  3.0213  3.0174
 169  0.834245  3.7515  3.6972  0.6216  4.2930  3.5586  3.1464  3.0261  2.9905  2.9851
 170  0.834614  3.7485  3.6756  0.6314  4.2940  3.5439  3.1214  2.9966  2.9580  2.9511
 171  0.834955  3.7459  3.6544  0.6421  4.2897  3.5255  3.0941  2.9653  2.9239  2.9158
 172  0.835268  3.7436  3.6338  0.6538  4.2799  3.5037  3.0649  2.9329  2.8892  2.8799
 173  0.835558  3.7417  3.6140  0.6661  4.2658  3.4794  3.0345  2.8995  2.8539  2.8437
 174  0.835829  3.7400  3.5949  0.6788  4.2484  3.4533  3.0029  2.8656  2.8182  2.8073
 175  0.836085  3.7386  3.5763  0.6917  4.2285  3.4257  2.9708  2.8313  2.7825  2.7708
 176  0.836328  3.7373  3.5583  0.7049  4.2064  3.3969  2.9380  2.7968  2.7466  2.7343
 177  0.836563  3.7363  3.5406  0.7183  4.1829  3.3676  2.9050  2.7621  2.7107  2.6979
 178  0.836788  3.7353  3.5235  0.7317  4.1578  3.3373  2.8717  2.7274  2.6749  2.6616
 179  0.837008  3.7345  3.5066  0.7454  4.1315  3.3065  2.8382  2.6925  2.6392  2.6254
 180  0.837223  3.7336  3.4899  0.7589  4.1050  3.2755  2.8045  2.6577  2.6034  2.5892
 181  0.837434  3.7329  3.4734  0.7726  4.0777  3.2442  2.7706  2.6227  2.5676  2.5530
 182  0.837655  3.7322  3.4560  0.7872  4.0478  3.2105  2.7345  2.5854  2.5294  2.5145
 183  0.837875  3.7315  3.4386  0.8020  4.0171  3.1761  2.6978  2.5477  2.4910  2.4757
 184  0.838094  3.7309  3.4212  0.8169  3.9855  3.1412  2.6607  2.5096  2.4521  2.4364
 185  0.838312  3.7302  3.4037  0.8321  3.9532  3.1058  2.6233  2.4712  2.4129  2.3970
 186  0.838531  3.7296  3.3863  0.8473  3.9203  3.0699  2.5854  2.4325  2.3735  2.3573
 187  0.838747  3.7292  3.3688  0.8627  3.8867  3.0335  2.5474  2.3934  2.3339  2.3175
 188  0.838965  3.7286  3.3515  0.8782  3.8526  2.9969  2.5090  2.3542  2.2941  2.2774
 189  0.839182  3.7281  3.3340  0.8938  3.8180  2.9599  2.4702  2.3147  2.2540  2.2370
 190  0.839398  3.7277  3.3164  0.9096  3.7828  2.9223  2.4311  2.2748  2.2136  2.1963
 191  0.839612  3.7272  3.2987  0.9256  3.7469  2.8843  2.3915  2.2344  2.1726  2.1551
 192  0.839826  3.7267  3.2808  0.9418  3.7106  2.8456  2.3514  2.1935  2.1311  2.1134
 193  0.840038  3.7263  3.2625  0.9583  3.6735  2.8063  2.3104  2.1518  2.0889  2.0710
 194  0.840249  3.7258  3.2439  0.9751  3.6356  2.7661  2.2687  2.1094  2.0459  2.0277
 195  0.840457  3.7254  3.2251  0.9922  3.5970  2.7253  2.2263  2.0661  2.0021  1.9836
 196  0.840663  3.7249  3.2059  1.0098  3.5574  2.6834  2.1829  2.0219  1.9573  1.9387
 197  0.840864  3.7244  3.1859  1.0280  3.5160  2.6398  2.1377  1.9760  1.9108  1.8919
 198  0.841059  3.7240  3.1650  1.0471  3.4726  2.5941  2.0904  1.9278  1.8621  1.8428
 199  0.841246  3.7235  3.1431  1.0670  3.4278  2.5466  2.0410  1.8776  1.8113  1.7918
 200  0.841429  3.7229  3.1205  1.0875  3.3816  2.4977  1.9902  1.8259  1.7588  1.7390
 201  0.841606  3.7224  3.0973  1.1086  3.3344  2.4475  1.9381  1.7728  1.7050  1.6850
 202  0.841780  3.7217  3.0736  1.1301  3.2861  2.3962  1.8848  1.7185  1.6500  1.6296
 203  0.841948  3.7211  3.0492  1.1521  3.2369  2.3439  1.8303  1.6630  1.5938  1.5732
 204  0.842110  3.7206  3.0244  1.1746  3.1868  2.2904  1.7748  1.6065  1.5365  1.5155
 205  0.842270  3.7199  2.9990  1.1974  3.1361  2.2362  1.7182  1.5488  1.4780  1.4567
 206  0.842424  3.7191  2.9729  1.2207  3.0854  2.1815  1.6610  1.4904  1.4187  1.3970
 207  0.842573  3.7184  2.9463  1.2442  3.0340  2.1259  1.6028  1.4309  1.3583  1.3361
 208  0.842717  3.7176  2.9192  1.2681  2.9823  2.0695  1.5437  1.3706  1.2970  1.2744
 209  0.842857  3.7167  2.8918  1.2925  2.9300  2.0125  1.4840  1.3094  1.2347  1.2118
 210  0.842992  3.7159  2.8637  1.3171  2.8778  1.9549  1.4233  1.2474  1.1717  1.1482
 211  0.843122  3.7150  2.8352  1.3420  2.8250  1.8967  1.3620  1.1847  1.1079  1.0839
 212  0.843248  3.7141  2.8065  1.3673  2.7722  1.8379  1.3000  1.1212  1.0433  1.0187
 213  0.843368  3.7132  2.7773  1.3927  2.7194  1.7787  1.2374  1.0570  0.9779  0.9529
 214  0.843484  3.7122  2.7477  1.4184  2.6666  1.7191  1.1742  0.9922  0.9119  0.8863
 215  0.843595  3.7111  2.7174  1.4444  2.6147  1.6595  1.1106  0.9267  0.8450  0.8189
 216  0.843703  3.7099  2.6868  1.4706  2.5629  1.5997  1.0465  0.8607  0.7777  0.7509
 217  0.843720  3.7098  2.6816  1.4750  2.5545  1.5897  1.0357  0.8495  0.7663  0.7393
 218  0.843737  3.7096  2.6764  1.4795  2.5455  1.5793  1.0247  0.8382  0.7547  0.7277
 219  0.843755  3.7094  2.6714  1.4839  2.5357  1.5687  1.0137  0.8270  0.7433  0.7162
 220  0.843772  3.7093  2.6665  1.4885  2.5257  1.5579  1.0024  0.8156  0.7319  0.7047
 221  0.843789  3.7092  2.6613  1.4930  2.5164  1.5474  0.9913  0.8042  0.7202  0.6929
 222  0.843807  3.7090  2.6561  1.4976  2.5074  1.5369  0.9802  0.7928  0.7086  0.6812
 223  0.843823  3.7088  2.6508  1.5021  2.4982  1.5265  0.9690  0.7813  0.6968  0.6693
 224  0.843840  3.7086  2.6454  1.5067  2.4891  1.5159  0.9577  0.7696  0.6850  0.6574
 225  0.843857  3.7084  2.6401  1.5113  2.4797  1.5053  0.9465  0.7581  0.6732  0.6455
 226  0.843874  3.7083  2.6348  1.5160  2.4704  1.4946  0.9351  0.7464  0.6613  0.6335
 227  0.844039  3.7061  2.5784  1.5640  2.3779  1.3859  0.8181  0.6256  0.5378  0.5088
 228  0.844184  3.7041  2.5236  1.6107  2.2883  1.2801  0.7042  0.5081  0.4177  0.3876
 229  0.844318  3.7020  2.4689  1.6572  2.2004  1.1753  0.5908  0.3909  0.2980  0.2666
 230  0.844442  3.6999  2.4150  1.7026  2.1166  1.0742  0.4807  0.2768  0.1810  0.1486
 231  0.844551  3.6979  2.3643  1.7450  2.0391  0.9799  0.3776  0.1699  0.0714  0.0378
 232  0.844656  3.6958  2.3147  1.7866  1.9635  0.8878  0.2767  0.0651 -0.0359 -0.0707
 233  0.844751  3.6941  2.2741  1.8207  1.9005  0.8119  0.1936 -0.0210 -0.1242 -0.1598
 234  0.844841  3.6922  2.2262  1.8606  1.8306  0.7244  0.0971 -0.1214 -0.2272 -0.2640
 235  0.844925  3.6897  2.1726  1.9047  1.7572  0.6292 -0.0090 -0.2321 -0.3410 -0.3791
 236  0.845001  3.6876  2.1239  1.9449  1.6914  0.5429 -0.1053 -0.3328 -0.4445 -0.4839
 237  0.845072  3.6859  2.0830  1.9787  1.6364  0.4705 -0.1862 -0.4173 -0.5315 -0.5718
 238  0.845138  3.6852  2.0657  1.9933  1.6122  0.4389 -0.2210 -0.4535 -0.5686 -0.6095
 239  0.845206  3.6860  2.0762  1.9860  1.6199  0.4525 -0.2041 -0.4350 -0.5491 -0.5894
 240  0.845279  3.6837  2.0253  2.0276  1.5557  0.3648 -0.3030 -0.5386 -0.6559 -0.6977
 241  0.845343  3.6808  1.9640  2.0774  1.4808  0.2604 -0.4212 -0.6627 -0.7839 -0.8274
 242  0.845401  3.6779  1.9040  2.1258  1.4116  0.1607 -0.5349 -0.7824 -0.9078 -0.9531
 243  0.845454  3.6749  1.8448  2.1734  1.3452  0.0633 -0.6463 -0.8999 -1.0294 -1.0764
 244  0.845501  3.6720  1.7858  2.2206  1.2814 -0.0327 -0.7569 -1.0166 -1.1503 -1.1992
 245  0.845543  3.6692  1.7297  2.2656  1.2235 -0.1226 -0.8612 -1.1269 -1.2648 -1.3154
 246  0.845582  3.6665  1.6753  2.3090  1.1698 -0.2088 -0.9620 -1.2336 -1.3754 -1.4279
 247  0.845616  3.6637  1.6226  2.3510  1.1203 -0.2908 -1.0589 -1.3365 -1.4823 -1.5365
 248  0.845647  3.6611  1.5703  2.3927  1.0734 -0.3714 -1.1547 -1.4383 -1.5882 -1.6440
 249  0.845676  3.6585  1.5191  2.4333  1.0298 -0.4489 -1.2478 -1.5375 -1.6915 -1.7490
 250  0.845702  3.6558  1.4694  2.4726  0.9897 -0.5231 -1.3375 -1.6333 -1.7913 -1.8504
 251  0.845726  3.6532  1.4193  2.5119  0.9539 -0.5952 -1.4261 -1.7283 -1.8905 -1.9515
 252  0.845748  3.6505  1.3708  2.5497  0.9218 -0.6637 -1.5109 -1.8195 -1.9860 -2.0488
 253  0.845767  3.6479  1.3228  2.5871  0.8921 -0.7302 -1.5941 -1.9092 -2.0799 -2.1446
 254  0.845786  3.6452  1.2760  2.6236  0.8652 -0.7937 -1.6747 -1.9962 -2.1712 -2.2376
 255  0.845803  3.6427  1.2301  2.6591  0.8408 -0.8548 -1.7528 -2.0807 -2.2600 -2.3283
 256  0.845819  3.6401  1.1850  2.6940  0.8187 -0.9137 -1.8289 -2.1634 -2.3471 -2.4172
 257  0.845833  3.6376  1.1409  2.7280  0.7991 -0.9701 -1.9026 -2.2437 -2.4317 -2.5036
 258  0.845846  3.6351  1.0972  2.7617  0.7813 -1.0249 -1.9751 -2.3229 -2.5154 -2.5890
 259  0.845858  3.6326  1.0548  2.7942  0.7659 -1.0767 -2.0445 -2.3989 -2.5958 -2.6713
 260  0.845871  3.6302  1.0130  2.8263  0.7517 -1.1272 -2.1127 -2.4739 -2.6750 -2.7522
 261  0.845881  3.6278  0.9723  2.8574  0.7395 -1.1751 -2.1786 -2.5463 -2.7519 -2.8308
 262  0.845891  3.6253  0.9317  2.8882  0.7307 -1.2207 -2.2429 -2.6175 -2.8276 -2.9083
 263  0.845900  3.6229  0.8922  2.9180  0.7232 -1.2639 -2.3049 -2.6863 -2.9008 -2.9832
 264  0.845909  3.6205  0.8532  2.9475  0.7165 -1.3061 -2.3658 -2.7541 -2.9729 -3.0570
 265  0.845917  3.6182  0.8151  2.9763  0.7108 -1.3464 -2.4249 -2.8201 -3.0433 -3.1290
 266  0.845925  3.6159  0.7780  3.0043  0.7059 -1.3846 -2.4818 -2.8838 -3.1115 -3.1988
 267  0.845932  3.6136  0.7412  3.0321  0.7016 -1.4218 -2.5378 -2.9469 -3.1789 -3.2679
 268  0.845938  3.6114  0.7054  3.0590  0.6977 -1.4569 -2.5916 -3.0079 -3.2442 -3.3348
 269  0.845945  3.6093  0.6703  3.0855  0.6941 -1.4909 -2.6442 -3.0677 -3.3085 -3.4007
 270  0.845951  3.6072  0.6359  3.1113  0.6908 -1.5231 -2.6948 -3.1259 -3.3710 -3.4647
 271  0.845957  3.6051  0.6026  3.1366  0.6873 -1.5537 -2.7436 -3.1826 -3.4320 -3.5272
 272  0.845961  3.6031  0.5697  3.1614  0.6842 -1.5830 -2.7908 -3.2379 -3.4917 -3.5883
 273  0.845966  3.6011  0.5373  3.1857  0.6809 -1.6111 -2.8364 -3.2923 -3.5505 -3.6485
 274  0.845971  3.5992  0.5060  3.2093  0.6777 -1.6374 -2.8799 -3.3449 -3.6074 -3.7068
 275  0.845976  3.5972  0.4751  3.2326  0.6750 -1.6619 -2.9219 -3.3962 -3.6632 -3.7639
 276  0.845980  3.5953  0.4450  3.2551  0.6758 -1.6828 -2.9621 -3.4454 -3.7167 -3.8188
 277  0.845984  3.5935  0.4157  3.2771  0.6756 -1.7031 -3.0010 -3.4934 -3.7691 -3.8724
 278  0.845988  3.5917  0.3875  3.2981  0.6757 -1.7213 -3.0372 -3.5391 -3.8190 -3.9236
