#NUMBER OF AGES= 1 MAGS= 6
#----------------------------------------------------       
#MIX-LEN  Y      Z          Zeff        [Fe/H] [a/Fe]
# 1.9380  0.2458 4.7354E-04 2.4104E-04  -1.84   0.40 
#----------------------------------------------------       
#**PHOTOMETRIC SYSTEM**: DECam (AB)
#----------------------------------------------------       
#AGE= 6.200 EEPS=270
#EEP   M/Mo    LogTeff  LogG   LogL/Lo DECam_u DECam_g DECam_r DECam_i DECam_z DECam_Y
  10  0.111242  3.5381  5.3332 -2.7432 16.1878 13.7998 12.2345 11.4170 11.0859 10.9853
  11  0.122194  3.5447  5.2850 -2.6277 15.7633 13.4186 11.8761 11.1263 10.8075 10.7073
  12  0.135863  3.5520  5.2348 -2.5020 15.2985 13.0065 11.4923 10.8090 10.5030 10.4040
  13  0.154959  3.5607  5.1857 -2.3614 14.7730 12.5473 11.0710 10.4531 10.1613 10.0644
  14  0.178799  3.5696  5.1452 -2.2232 14.2516 12.0958 10.6649 10.1019  9.8241  9.7303
  15  0.200003  3.5758  5.1143 -2.1185 13.8653 11.7620 10.3673  9.8365  9.5683  9.4765
  16  0.217954  3.5802  5.0895 -2.0395 13.5810 11.5162 10.1482  9.6369  9.3750  9.2847
  17  0.234197  3.5835  5.0691 -1.9744 13.3489 11.3162  9.9703  9.4729  9.2156  9.1266
  18  0.249884  3.5864  5.0512 -1.9169 13.1441 11.1402  9.8144  9.3281  9.0750  8.9869
  19  0.265777  3.5891  5.0350 -1.8630 12.9505 10.9754  9.6692  9.1926  8.9431  8.8561
  20  0.282051  3.5916  5.0198 -1.8116 12.7644 10.8182  9.5316  9.0636  8.8176  8.7315
  21  0.295310  3.5936  5.0076 -1.7716 12.6197 10.6961  9.4248  8.9631  8.7199  8.6345
  22  0.304671  3.5949  4.9987 -1.7438 12.5199 10.6118  9.3509  8.8933  8.6519  8.5670
  23  0.311405  3.5958  4.9923 -1.7243 12.4511 10.5532  9.2993  8.8444  8.6042  8.5196
  24  0.316521  3.5965  4.9875 -1.7098 12.4005 10.5100  9.2612  8.8083  8.5688  8.4846
  25  0.320575  3.5970  4.9838 -1.6987 12.3613 10.4763  9.2316  8.7801  8.5415  8.4574
  26  0.324128  3.5975  4.9809 -1.6891 12.3279 10.4477  9.2064  8.7561  8.5181  8.4342
  27  0.327871  3.5979  4.9782 -1.6796 12.2939 10.4188  9.1812  8.7322  8.4948  8.4110
  28  0.332047  3.5984  4.9759 -1.6700 12.2589 10.3897  9.1565  8.7080  8.4709  8.3874
  29  0.337104  3.5987  4.9739 -1.6596 12.2200 10.3589  9.1312  8.6818  8.4449  8.3615
  30  0.354511  3.6014  4.9613 -1.6150 12.0571 10.2193  9.0108  8.5692  8.3359  8.2537
  31  0.388637  3.6079  4.9279 -1.5156 11.6826  9.9010  8.7404  8.3173  8.0936  8.0146
  32  0.418262  3.6152  4.8944 -1.4211 11.3162  9.5908  8.4817  8.0771  7.8635  7.7882
  33  0.442251  3.6225  4.8650 -1.3381 10.9899  9.3116  8.2517  7.8654  7.6625  7.5908
  34  0.458776  3.6286  4.8447 -1.2776 10.7454  9.1016  8.0817  7.7109  7.5170  7.4486
  35  0.471588  3.6341  4.8293 -1.2282 10.5385  8.9253  7.9416  7.5852  7.3996  7.3340
  36  0.483004  3.6395  4.8163 -1.1832 10.3434  8.7612  7.8127  7.4704  7.2929  7.2302
  37  0.493438  3.6447  4.8054 -1.1417 10.1584  8.6077  7.6934  7.3650  7.1955  7.1355
  38  0.503008  3.6498  4.7963 -1.1039  9.9847  8.4656  7.5840  7.2688  7.1071  7.0498
  39  0.511335  3.6546  4.7892 -1.0707  9.8275  8.3393  7.4876  7.1845  7.0301  6.9753
  40  0.518721  3.6591  4.7835 -1.0407  9.6809  8.2245  7.4005  7.1087  6.9609  6.9086
  41  0.526130  3.6639  4.7782 -1.0105  9.5292  8.1088  7.3128  7.0323  6.8915  6.8418
  42  0.534464  3.6692  4.7729 -0.9769  9.3577  7.9808  7.2158  6.9475  6.8144  6.7675
  43  0.544670  3.6757  4.7666 -0.9364  9.1505  7.8302  7.1001  6.8454  6.7213  6.6780
  44  0.557155  3.6836  4.7590 -0.8871  8.8997  7.6524  6.9618  6.7225  6.6088  6.5700
  45  0.571305  3.6927  4.7507 -0.8315  8.6227  7.4568  6.8076  6.5850  6.4828  6.4491
  46  0.586209  3.7023  4.7419 -0.7734  8.3409  7.2581  6.6496  6.4439  6.3535  6.3251
  47  0.600967  3.7114  4.7325 -0.7167  8.0765  7.0715  6.4989  6.3087  6.2291  6.2054
  48  0.615202  3.7199  4.7228 -0.6629  7.8359  6.8997  6.3590  6.1822  6.1122  6.0930
  49  0.628852  3.7278  4.7127 -0.6118  7.6164  6.7407  6.2287  6.0642  6.0029  5.9878
  50  0.641838  3.7350  4.7025 -0.5637  7.4188  6.5942  6.1080  5.9546  5.9013  5.8896
  51  0.654048  3.7416  4.6921 -0.5189  7.2423  6.4601  5.9969  5.8534  5.8069  5.7984
  52  0.659601  3.7445  4.6870 -0.4986  7.1646  6.3999  5.9469  5.8079  5.7644  5.7572
  53  0.665124  3.7473  4.6818 -0.4784  7.0885  6.3405  5.8976  5.7630  5.7226  5.7167
  54  0.670616  3.7501  4.6766 -0.4584  7.0142  6.2819  5.8489  5.7186  5.6811  5.6765
  55  0.676079  3.7528  4.6711 -0.4386  6.9416  6.2242  5.8007  5.6747  5.6400  5.6366
  56  0.681511  3.7555  4.6655 -0.4190  6.8707  6.1674  5.7531  5.6311  5.5993  5.5970
  57  0.686911  3.7581  4.6600 -0.3994  6.8015  6.1114  5.7061  5.5881  5.5588  5.5577
  58  0.692278  3.7606  4.6544 -0.3802  6.7340  6.0564  5.6597  5.5455  5.5187  5.5187
  59  0.697606  3.7632  4.6488 -0.3611  6.6681  6.0024  5.6139  5.5034  5.4792  5.4802
  60  0.702910  3.7656  4.6431 -0.3423  6.6036  5.9491  5.5686  5.4618  5.4401  5.4422
  61  0.708182  3.7681  4.6375 -0.3237  6.5406  5.8966  5.5240  5.4208  5.4016  5.4046
  62  0.713402  3.7704  4.6319 -0.3054  6.4789  5.8450  5.4801  5.3803  5.3635  5.3676
  63  0.718573  3.7729  4.6264 -0.2872  6.4184  5.7942  5.4369  5.3406  5.3260  5.3311
  64  0.723683  3.7752  4.6210 -0.2694  6.3591  5.7442  5.3944  5.3017  5.2894  5.2955
  65  0.728722  3.7775  4.6157 -0.2518  6.3011  5.6950  5.3527  5.2634  5.2534  5.2603
  66  0.733682  3.7798  4.6103 -0.2345  6.2445  5.6466  5.3116  5.2256  5.2178  5.2257
  67  0.738553  3.7820  4.6052 -0.2175  6.1890  5.5992  5.2713  5.1887  5.1831  5.1918
  68  0.743326  3.7842  4.6001 -0.2008  6.1350  5.5526  5.2317  5.1523  5.1488  5.1583
  69  0.747994  3.7864  4.5951 -0.1844  6.0825  5.5070  5.1928  5.1165  5.1152  5.1255
  70  0.752564  3.7885  4.5901 -0.1681  6.0312  5.4622  5.1544  5.0813  5.0820  5.0932
  71  0.757085  3.7907  4.5852 -0.1521  5.9807  5.4180  5.1165  5.0464  5.0491  5.0610
  72  0.761560  3.7927  4.5801 -0.1362  5.9310  5.3741  5.0789  5.0118  5.0164  5.0291
  73  0.765951  3.7948  4.5750 -0.1206  5.8823  5.3310  5.0419  4.9777  4.9842  4.9977
  74  0.770248  3.7967  4.5699 -0.1051  5.8346  5.2887  5.0059  4.9446  4.9530  4.9671
  75  0.774489  3.7985  4.5645 -0.0900  5.7876  5.2470  4.9702  4.9119  4.9221  4.9368
  76  0.778671  3.8004  4.5593 -0.0749  5.7414  5.2058  4.9351  4.8795  4.8915  4.9068
  77  0.782775  3.8022  4.5538 -0.0601  5.6964  5.1652  4.9005  4.8476  4.8612  4.8771
  78  0.786795  3.8039  4.5483 -0.0454  5.6525  5.1255  4.8662  4.8160  4.8312  4.8476
  79  0.790742  3.8055  4.5426 -0.0311  5.6095  5.0863  4.8323  4.7847  4.8014  4.8184
  80  0.794610  3.8071  4.5369 -0.0170  5.5676  5.0479  4.7990  4.7537  4.7720  4.7895
  81  0.798387  3.8086  4.5312 -0.0032  5.5268  5.0101  4.7660  4.7231  4.7428  4.7607
  82  0.803439  3.8106  4.5232  0.0156  5.4723  4.9596  4.7216  4.6818  4.7033  4.7218
  83  0.808500  3.8126  4.5151  0.0343  5.4179  4.9087  4.6767  4.6397  4.6631  4.6823
  84  0.813554  3.8146  4.5068  0.0533  5.3634  4.8576  4.6315  4.5975  4.6226  4.6424
  85  0.818506  3.8164  4.4983  0.0720  5.3098  4.8072  4.5866  4.5555  4.5825  4.6029
  86  0.823391  3.8184  4.4897  0.0906  5.2567  4.7569  4.5420  4.5138  4.5425  4.5633
  87  0.828282  3.8202  4.4809  0.1094  5.2033  4.7063  4.4969  4.4715  4.5018  4.5233
  88  0.833132  3.8220  4.4719  0.1283  5.1502  4.6554  4.4516  4.4290  4.4610  4.4830
  89  0.837875  3.8238  4.4629  0.1470  5.0979  4.6054  4.4068  4.3870  4.4205  4.4430
  90  0.842542  3.8256  4.4538  0.1654  5.0460  4.5554  4.3622  4.3450  4.3801  4.4031
  91  0.847228  3.8273  4.4446  0.1841  4.9938  4.5050  4.3170  4.3028  4.3394  4.3628
  92  0.851917  3.8291  4.4354  0.2029  4.9416  4.4545  4.2720  4.2605  4.2987  4.3226
  93  0.856463  3.8309  4.4264  0.2213  4.8906  4.4049  4.2276  4.2189  4.2587  4.2831
  94  0.860910  3.8326  4.4175  0.2394  4.8401  4.3558  4.1837  4.1779  4.2192  4.2439
  95  0.865402  3.8345  4.4085  0.2578  4.7890  4.3060  4.1392  4.1362  4.1792  4.2043
  96  0.869908  3.8362  4.3993  0.2764  4.7375  4.2557  4.0943  4.0942  4.1386  4.1641
  97  0.874289  3.8380  4.3902  0.2948  4.6869  4.2060  4.0498  4.0528  4.0986  4.1246
  98  0.878538  3.8397  4.3813  0.3129  4.6370  4.1570  4.0062  4.0119  4.0592  4.0856
  99  0.882701  3.8415  4.3724  0.3308  4.5875  4.1083  3.9627  3.9715  4.0202  4.0469
 100  0.886800  3.8432  4.3635  0.3487  4.5382  4.0599  3.9195  3.9311  3.9813  4.0084
 101  0.890827  3.8449  4.3546  0.3664  4.4894  4.0118  3.8765  3.8910  3.9425  3.9701
 102  0.894797  3.8466  4.3456  0.3840  4.4408  3.9639  3.8338  3.8511  3.9040  3.9318
 103  0.898735  3.8484  4.3367  0.4016  4.3925  3.9161  3.7911  3.8113  3.8655  3.8936
 104  0.902632  3.8500  4.3278  0.4191  4.3444  3.8686  3.7485  3.7716  3.8271  3.8555
 105  0.906480  3.8517  4.3188  0.4365  4.2968  3.8215  3.7063  3.7321  3.7887  3.8175
 106  0.910275  3.8532  4.3099  0.4537  4.2496  3.7747  3.6643  3.6929  3.7508  3.7798
 107  0.914031  3.8549  4.3010  0.4709  4.2026  3.7280  3.6225  3.6540  3.7129  3.7422
 108  0.917765  3.8564  4.2919  0.4880  4.1560  3.6817  3.5809  3.6152  3.6753  3.7048
 109  0.921472  3.8580  4.2829  0.5050  4.1098  3.6355  3.5396  3.5767  3.6377  3.6675
 110  0.925135  3.8595  4.2737  0.5219  4.0639  3.5898  3.4986  3.5384  3.6005  3.6304
 111  0.928698  3.8610  4.2647  0.5386  4.0188  3.5445  3.4581  3.5009  3.5638  3.5940
 112  0.929947  3.8615  4.2615  0.5444  4.0026  3.5283  3.4438  3.4876  3.5509  3.5809
 113  0.931193  3.8621  4.2584  0.5505  3.9862  3.5119  3.4292  3.4741  3.5378  3.5681
 114  0.932433  3.8627  4.2553  0.5565  3.9697  3.4954  3.4147  3.4607  3.5248  3.5550
 115  0.933666  3.8633  4.2521  0.5626  3.9532  3.4788  3.4000  3.4471  3.5116  3.5419
 116  0.934892  3.8639  4.2489  0.5688  3.9365  3.4621  3.3852  3.4335  3.4983  3.5286
 117  0.936108  3.8644  4.2455  0.5749  3.9198  3.4454  3.3703  3.4196  3.4847  3.5152
 118  0.937315  3.8650  4.2420  0.5811  3.9030  3.4286  3.3552  3.4056  3.4710  3.5016
 119  0.938510  3.8655  4.2384  0.5874  3.8860  3.4116  3.3400  3.3914  3.4571  3.4878
 120  0.939695  3.8660  4.2347  0.5936  3.8690  3.3946  3.3247  3.3771  3.4431  3.4737
 121  0.940870  3.8665  4.2308  0.6001  3.8519  3.3774  3.3091  3.3625  3.4288  3.4594
 122  0.942037  3.8670  4.2268  0.6065  3.8347  3.3601  3.2934  3.3478  3.4144  3.4451
 123  0.943195  3.8674  4.2227  0.6129  3.8173  3.3428  3.2777  3.3329  3.3998  3.4306
 124  0.944344  3.8679  4.2185  0.6194  3.7999  3.3253  3.2617  3.3179  3.3850  3.4158
 125  0.945484  3.8683  4.2142  0.6259  3.7824  3.3078  3.2457  3.3028  3.3700  3.4008
 126  0.946614  3.8687  4.2097  0.6326  3.7649  3.2902  3.2295  3.2874  3.3549  3.3857
 127  0.947733  3.8691  4.2051  0.6392  3.7472  3.2726  3.2131  3.2719  3.3395  3.3704
 128  0.948843  3.8694  4.2003  0.6459  3.7294  3.2547  3.1966  3.2562  3.3238  3.3548
 129  0.949942  3.8698  4.1954  0.6526  3.7116  3.2369  3.1800  3.2401  3.3080  3.3390
 130  0.951028  3.8701  4.1904  0.6594  3.6937  3.2190  3.1631  3.2240  3.2920  3.3230
 131  0.952102  3.8704  4.1852  0.6662  3.6757  3.2009  3.1461  3.2077  3.2757  3.3067
 132  0.953165  3.8706  4.1798  0.6731  3.6577  3.1829  3.1290  3.1911  3.2592  3.2903
 133  0.954214  3.8707  4.1740  0.6800  3.6397  3.1648  3.1117  3.1742  3.2423  3.2734
 134  0.955247  3.8708  4.1679  0.6870  3.6216  3.1467  3.0941  3.1570  3.2251  3.2561
 135  0.956267  3.8709  4.1616  0.6940  3.6035  3.1286  3.0764  3.1395  3.2076  3.2385
 136  0.957273  3.8709  4.1550  0.7011  3.5854  3.1104  3.0585  3.1218  3.1898  3.2208
 137  0.958265  3.8709  4.1481  0.7081  3.5673  3.0922  3.0404  3.1039  3.1717  3.2027
 138  0.959243  3.8707  4.1411  0.7153  3.5492  3.0739  3.0222  3.0857  3.1532  3.1843
 139  0.960205  3.8706  4.1337  0.7225  3.5311  3.0557  3.0038  3.0671  3.1345  3.1654
 140  0.961151  3.8703  4.1259  0.7297  3.5131  3.0374  2.9852  3.0483  3.1154  3.1463
 141  0.962081  3.8700  4.1177  0.7370  3.4950  3.0193  2.9664  3.0292  3.0959  3.1267
 142  0.962994  3.8696  4.1092  0.7444  3.4770  3.0010  2.9474  3.0097  3.0761  3.1068
 143  0.963890  3.8692  4.1003  0.7517  3.4592  2.9829  2.9282  2.9898  3.0558  3.0864
 144  0.964768  3.8686  4.0910  0.7591  3.4414  2.9648  2.9088  2.9697  3.0351  3.0656
 145  0.965628  3.8679  4.0812  0.7666  3.4237  2.9468  2.8892  2.9490  3.0139  3.0443
 146  0.966471  3.8672  4.0710  0.7740  3.4062  2.9290  2.8694  2.9280  2.9922  3.0224
 147  0.967294  3.8662  4.0602  0.7815  3.3888  2.9112  2.8494  2.9067  2.9702  3.0002
 148  0.968098  3.8652  4.0489  0.7890  3.3718  2.8936  2.8292  2.8849  2.9476  2.9774
 149  0.968881  3.8641  4.0370  0.7966  3.3548  2.8763  2.8089  2.8628  2.9245  2.9541
 150  0.969644  3.8628  4.0246  0.8042  3.3383  2.8591  2.7884  2.8402  2.9010  2.9304
 151  0.970385  3.8613  4.0115  0.8118  3.3222  2.8422  2.7678  2.8173  2.8770  2.9061
 152  0.971104  3.8596  3.9977  0.8194  3.3064  2.8257  2.7470  2.7939  2.8523  2.8812
 153  0.971802  3.8578  3.9832  0.8270  3.2911  2.8095  2.7261  2.7701  2.8272  2.8557
 154  0.972475  3.8558  3.9680  0.8346  3.2764  2.7937  2.7051  2.7460  2.8016  2.8296
 155  0.973125  3.8536  3.9520  0.8421  3.2622  2.7783  2.6839  2.7215  2.7754  2.8030
 156  0.973751  3.8512  3.9352  0.8496  3.2487  2.7636  2.6629  2.6966  2.7487  2.7757
 157  0.974352  3.8487  3.9176  0.8571  3.2361  2.7494  2.6417  2.6712  2.7215  2.7480
 158  0.974929  3.8459  3.8993  0.8644  3.2242  2.7358  2.6206  2.6456  2.6938  2.7196
 159  0.975482  3.8429  3.8803  0.8718  3.2133  2.7228  2.5994  2.6197  2.6655  2.6907
 160  0.976011  3.8397  3.8606  0.8792  3.2034  2.7105  2.5783  2.5935  2.6369  2.6612
 161  0.976517  3.8364  3.8402  0.8864  3.1946  2.6988  2.5572  2.5670  2.6075  2.6311
 162  0.976848  3.8340  3.8259  0.8914  3.1888  2.6911  2.5427  2.5487  2.5873  2.6103
 163  0.977175  3.8315  3.8108  0.8963  3.1838  2.6838  2.5280  2.5298  2.5664  2.5887
 164  0.977496  3.8288  3.7951  0.9014  3.1791  2.6766  2.5130  2.5105  2.5449  2.5665
 165  0.977813  3.8259  3.7788  0.9064  3.1751  2.6698  2.4979  2.4908  2.5228  2.5437
 166  0.978127  3.8229  3.7617  0.9115  3.1716  2.6632  2.4827  2.4709  2.5004  2.5204
 167  0.978439  3.8197  3.7440  0.9166  3.1690  2.6570  2.4675  2.4506  2.4775  2.4964
 168  0.978747  3.8162  3.7253  0.9217  3.1678  2.6516  2.4522  2.4300  2.4540  2.4719
 169  0.979051  3.8125  3.7057  0.9266  3.1688  2.6475  2.4369  2.4089  2.4297  2.4464
 170  0.979351  3.8086  3.6855  0.9311  3.1723  2.6447  2.4220  2.3878  2.4051  2.4207
 171  0.979650  3.8045  3.6648  0.9352  3.1785  2.6435  2.4083  2.3675  2.3812  2.3954
 172  0.979948  3.8001  3.6437  0.9390  3.1878  2.6441  2.3961  2.3485  2.3582  2.3709
 173  0.980245  3.7955  3.6224  0.9422  3.1999  2.6466  2.3850  2.3305  2.3360  2.3471
 174  0.980545  3.7908  3.6008  0.9450  3.2153  2.6514  2.3754  2.3137  2.3148  2.3241
 175  0.980849  3.7860  3.5793  0.9473  3.2337  2.6579  2.3667  2.2974  2.2939  2.3014
 176  0.981163  3.7810  3.5577  0.9493  3.2551  2.6658  2.3579  2.2806  2.2723  2.2782
 177  0.981489  3.7760  3.5360  0.9513  3.2780  2.6742  2.3494  2.2642  2.2511  2.2550
 178  0.981820  3.7711  3.5143  0.9535  3.3000  2.6817  2.3416  2.2489  2.2312  2.2332
 179  0.982138  3.7667  3.4934  0.9566  3.3189  2.6867  2.3325  2.2330  2.2106  2.2109
 180  0.982434  3.7626  3.4739  0.9600  3.3351  2.6896  2.3223  2.2167  2.1902  2.1887
 181  0.982712  3.7589  3.4554  0.9642  3.3472  2.6894  2.3106  2.1993  2.1693  2.1663
 182  0.983012  3.7557  3.4356  0.9709  3.3525  2.6824  2.2927  2.1764  2.1430  2.1386
 183  0.983306  3.7529  3.4161  0.9794  3.3505  2.6696  2.2706  2.1500  2.1137  2.1081
 184  0.983590  3.7505  3.3965  0.9898  3.3413  2.6510  2.2444  2.1201  2.0814  2.0747
 185  0.983865  3.7486  3.3771  1.0015  3.3262  2.6278  2.2147  2.0875  2.0467  2.0392
 186  0.984131  3.7468  3.3578  1.0137  3.3088  2.6030  2.1838  2.0538  2.0112  2.0028
 187  0.984391  3.7453  3.3387  1.0269  3.2876  2.5751  2.1506  2.0182  1.9738  1.9648
 188  0.984646  3.7439  3.3199  1.0404  3.2642  2.5458  2.1164  1.9818  1.9360  1.9264
 189  0.984898  3.7428  3.3013  1.0545  3.2385  2.5148  2.0812  1.9447  1.8976  1.8875
 190  0.985146  3.7417  3.2830  1.0687  3.2110  2.4826  2.0453  1.9071  1.8589  1.8483
 191  0.985391  3.7408  3.2648  1.0832  3.1830  2.4500  2.0093  1.8694  1.8202  1.8092
 192  0.985635  3.7399  3.2467  1.0978  3.1535  2.4165  1.9727  1.8314  1.7812  1.7698
 193  0.985877  3.7390  3.2288  1.1126  3.1233  2.3825  1.9358  1.7932  1.7421  1.7302
 194  0.986117  3.7383  3.2111  1.1275  3.0920  2.3477  1.8986  1.7548  1.7028  1.6908
 195  0.986356  3.7375  3.1932  1.1426  3.0601  2.3125  1.8612  1.7162  1.6635  1.6510
 196  0.986594  3.7368  3.1754  1.1576  3.0281  2.2773  1.8235  1.6775  1.6240  1.6112
 197  0.986831  3.7362  3.1577  1.1728  2.9953  2.2414  1.7856  1.6386  1.5844  1.5712
 198  0.987066  3.7356  3.1399  1.1881  2.9622  2.2053  1.7475  1.5996  1.5446  1.5311
 199  0.987301  3.7350  3.1222  1.2035  2.9285  2.1689  1.7091  1.5603  1.5047  1.4909
 200  0.987533  3.7344  3.1045  1.2191  2.8944  2.1320  1.6705  1.5208  1.4645  1.4504
 201  0.987763  3.7339  3.0866  1.2348  2.8597  2.0946  1.6313  1.4807  1.4238  1.4095
 202  0.987987  3.7333  3.0683  1.2509  2.8242  2.0564  1.5913  1.4398  1.3823  1.3676
 203  0.988207  3.7328  3.0499  1.2673  2.7878  2.0174  1.5505  1.3982  1.3401  1.3251
 204  0.988424  3.7322  3.0313  1.2838  2.7510  1.9779  1.5093  1.3562  1.2974  1.2821
 205  0.988637  3.7317  3.0123  1.3006  2.7136  1.9380  1.4676  1.3137  1.2542  1.2388
 206  0.988846  3.7311  2.9932  1.3176  2.6759  1.8974  1.4253  1.2705  1.2104  1.1946
 207  0.989050  3.7305  2.9736  1.3349  2.6377  1.8562  1.3822  1.2265  1.1658  1.1496
 208  0.989247  3.7299  2.9536  1.3526  2.5986  1.8142  1.3383  1.1817  1.1202  1.1038
 209  0.989435  3.7292  2.9331  1.3707  2.5589  1.7712  1.2933  1.1357  1.0735  1.0567
 210  0.989618  3.7286  2.9123  1.3890  2.5184  1.7276  1.2477  1.0892  1.0263  1.0092
 211  0.989795  3.7279  2.8912  1.4076  2.4777  1.6836  1.2015  1.0420  0.9783  0.9609
 212  0.989967  3.7273  2.8698  1.4265  2.4367  1.6389  1.1547  0.9941  0.9298  0.9119
 213  0.990133  3.7266  2.8481  1.4455  2.3953  1.5939  1.1073  0.9458  0.8805  0.8624
 214  0.990295  3.7260  2.8263  1.4647  2.3534  1.5485  1.0596  0.8970  0.8310  0.8125
 215  0.990452  3.7253  2.8044  1.4841  2.3112  1.5026  1.0115  0.8477  0.7810  0.7621
 216  0.990605  3.7246  2.7820  1.5036  2.2690  1.4566  0.9629  0.7981  0.7305  0.7113
 217  0.990636  3.7244  2.7774  1.5077  2.2601  1.4470  0.9527  0.7876  0.7199  0.7006
 218  0.990666  3.7243  2.7727  1.5118  2.2513  1.4373  0.9425  0.7772  0.7093  0.6900
 219  0.990697  3.7242  2.7680  1.5159  2.2423  1.4275  0.9322  0.7667  0.6986  0.6792
 220  0.990728  3.7239  2.7633  1.5200  2.2335  1.4179  0.9220  0.7562  0.6880  0.6685
 221  0.990759  3.7239  2.7586  1.5241  2.2246  1.4082  0.9118  0.7457  0.6773  0.6577
 222  0.990789  3.7237  2.7539  1.5284  2.2155  1.3983  0.9014  0.7351  0.6665  0.6469
 223  0.990820  3.7236  2.7491  1.5325  2.2065  1.3885  0.8910  0.7245  0.6556  0.6359
 224  0.990850  3.7234  2.7443  1.5367  2.1975  1.3787  0.8806  0.7138  0.6448  0.6251
 225  0.990880  3.7232  2.7396  1.5409  2.1885  1.3689  0.8702  0.7032  0.6340  0.6142
 226  0.990911  3.7232  2.7348  1.5451  2.1795  1.3590  0.8598  0.6926  0.6232  0.6033
 227  0.991197  3.7216  2.6868  1.5869  2.0900  1.2608  0.7559  0.5860  0.5149  0.4941
 228  0.991467  3.7200  2.6380  1.6295  1.9996  1.1613  0.6505  0.4780  0.4049  0.3834
 229  0.991717  3.7183  2.5893  1.6719  1.9097  1.0620  0.5453  0.3701  0.2952  0.2728
 230  0.991939  3.7168  2.5425  1.7125  1.8245  0.9675  0.4449  0.2670  0.1902  0.1669
 231  0.992149  3.7152  2.4945  1.7541  1.7385  0.8713  0.3422  0.1614  0.0826  0.0585
 232  0.992345  3.7134  2.4459  1.7957  1.6539  0.7754  0.2394  0.0556 -0.0254 -0.0504
 233  0.992519  3.7116  2.3985  1.8360  1.5739  0.6835  0.1403 -0.0467 -0.1299 -0.1559
 234  0.992688  3.7097  2.3488  1.8782  1.4913  0.5877  0.0366 -0.1539 -0.2394 -0.2664
 235  0.992840  3.7077  2.2982  1.9210  1.4098  0.4914 -0.0681 -0.2622 -0.3502 -0.3783
 236  0.992975  3.7058  2.2488  1.9625  1.3317  0.3983 -0.1696 -0.3673 -0.4579 -0.4870
 237  0.993102  3.7040  2.2033  2.0009  1.2583  0.3116 -0.2638 -0.4649 -0.5576 -0.5878
 238  0.993218  3.7023  2.1594  2.0381  1.1884  0.2283 -0.3547 -0.5588 -0.6539 -0.6850
 239  0.993327  3.7006  2.1164  2.0744  1.1205  0.1471 -0.4433 -0.6507 -0.7478 -0.7799
 240  0.993430  3.6991  2.0780  2.1069  1.0591  0.0740 -0.5230 -0.7331 -0.8321 -0.8651
 241  0.993528  3.6983  2.0528  2.1289  1.0140  0.0232 -0.5773 -0.7889 -0.8888 -0.9223
 242  0.993624  3.6976  2.0312  2.1479  0.9736 -0.0211 -0.6246 -0.8373 -0.9382 -0.9720
 243  0.993717  3.6957  1.9855  2.1862  0.9043 -0.1049 -0.7173 -0.9337 -1.0371 -1.0719
 244  0.993804  3.6936  1.9394  2.2241  0.8379 -0.1870 -0.8089 -1.0294 -1.1356 -1.1715
 245  0.993884  3.6918  1.8972  2.2588  0.7787 -0.2613 -0.8923 -1.1166 -1.2255 -1.2623
 246  0.993958  3.6904  1.8641  2.2860  0.7331 -0.3195 -0.9578 -1.1851 -1.2960 -1.3337
 247  0.994030  3.6900  1.8564  2.2924  0.7241 -0.3330 -0.9726 -1.2007 -1.3120 -1.3500
 248  0.994105  3.6900  1.8522  2.2963  0.7187 -0.3417 -0.9817 -1.2099 -1.3215 -1.3596
 249  0.994180  3.6876  1.8009  2.3383  0.6496 -0.4306 -1.0825 -1.3157 -1.4305 -1.4698
 250  0.994248  3.6853  1.7497  2.3804  0.5822 -0.5192 -1.1835 -1.4216 -1.5397 -1.5802
 251  0.994311  3.6830  1.6988  2.4221  0.5190 -0.6064 -1.2836 -1.5268 -1.6480 -1.6899
 252  0.994367  3.6808  1.6487  2.4633  0.4581 -0.6921 -1.3821 -1.6305 -1.7550 -1.7982
 253  0.994419  3.6785  1.5986  2.5042  0.3996 -0.7766 -1.4798 -1.7333 -1.8609 -1.9055
 254  0.994465  3.6763  1.5523  2.5419  0.3484 -0.8537 -1.5693 -1.8276 -1.9584 -2.0043
 255  0.994508  3.6742  1.5071  2.5785  0.2999 -0.9279 -1.6559 -1.9189 -2.0528 -2.1001
 256  0.994548  3.6721  1.4634  2.6141  0.2542 -0.9993 -1.7393 -2.0072 -2.1441 -2.1928
 257  0.994584  3.6700  1.4200  2.6489  0.2122 -1.0678 -1.8207 -2.0937 -2.2338 -2.2838
 258  0.994618  3.6678  1.3773  2.6832  0.1731 -1.1345 -1.9003 -2.1785 -2.3218 -2.3732
 259  0.994649  3.6657  1.3356  2.7164  0.1369 -1.1982 -1.9773 -2.2605 -2.4071 -2.4599
 260  0.994678  3.6636  1.2944  2.7493  0.1029 -1.2606 -2.0530 -2.3414 -2.4913 -2.5455
 261  0.994704  3.6616  1.2541  2.7813  0.0714 -1.3205 -2.1263 -2.4199 -2.5729 -2.6286
 262  0.994730  3.6595  1.2146  2.8126  0.0425 -1.3785 -2.1979 -2.4966 -2.6530 -2.7100
 263  0.994753  3.6575  1.1758  2.8432  0.0162 -1.4344 -2.2675 -2.5714 -2.7312 -2.7896
 264  0.994774  3.6555  1.1376  2.8735 -0.0082 -1.4887 -2.3357 -2.6450 -2.8080 -2.8679
 265  0.994794  3.6535  1.1001  2.9029 -0.0297 -1.5405 -2.4018 -2.7163 -2.8828 -2.9439
 266  0.994813  3.6515  1.0634  2.9316 -0.0488 -1.5903 -2.4660 -2.7859 -2.9556 -3.0183
 267  0.994831  3.6495  1.0271  2.9599 -0.0658 -1.6384 -2.5288 -2.8542 -3.0272 -3.0913
 268  0.994848  3.6475  0.9914  2.9878 -0.0812 -1.6850 -2.5902 -2.9209 -3.0974 -3.1629
 269  0.994863  3.6456  0.9565  3.0149 -0.0941 -1.7296 -2.6499 -2.9861 -3.1660 -3.2329
 270  0.994878  3.6436  0.9219  3.0416 -0.1040 -1.7719 -2.7081 -3.0498 -3.2331 -3.3014
 271  0.994892  3.6416  0.8878  3.0677 -0.1112 -1.8124 -2.7646 -3.1120 -3.2988 -3.3686
 272  0.994905  3.6396  0.8544  3.0933 -0.1172 -1.8514 -2.8197 -3.1727 -3.3629 -3.4342
 273  0.994918  3.6377  0.8215  3.1183 -0.1219 -1.8888 -2.8734 -3.2320 -3.4257 -3.4983
 274  0.994929  3.6358  0.7894  3.1428 -0.1253 -1.9247 -2.9255 -3.2896 -3.4868 -3.5610
 275  0.994940  3.6339  0.7578  3.1669 -0.1283 -1.9596 -2.9766 -3.3462 -3.5468 -3.6223
 276  0.994950  3.6321  0.7272  3.1903 -0.1302 -1.9929 -3.0260 -3.4009 -3.6048 -3.6817
 277  0.994960  3.6303  0.6973  3.2131 -0.1313 -2.0248 -3.0738 -3.4540 -3.6612 -3.7394
 278  0.994970  3.6286  0.6686  3.2349 -0.1322 -2.0554 -3.1198 -3.5050 -3.7154 -3.7949
 279  0.994988  3.6271  0.6429  3.2547 -0.1334 -2.0827 -3.1612 -3.5509 -3.7641 -3.8447
