#NUMBER OF AGES= 1 MAGS= 6
#----------------------------------------------------       
#MIX-LEN  Y      Z          Zeff        [Fe/H] [a/Fe]
# 1.9380  0.2510 3.7060E-03 1.8864E-03  -0.96   0.40 
#----------------------------------------------------       
#**PHOTOMETRIC SYSTEM**: DECam (AB)
#----------------------------------------------------       
#AGE=13.500 EEPS=267
#EEP   M/Mo    LogTeff  LogG   LogL/Lo DECam_u DECam_g DECam_r DECam_i DECam_z DECam_Y
  13  0.112398  3.5180  5.2958 -2.7815 16.2772 14.2123 12.7692 11.5864 11.1360 11.0116
  14  0.128482  3.5204  5.2289 -2.6471 15.8836 13.8314 12.3966 11.2467 10.8025 10.6779
  15  0.147451  3.5235  5.1677 -2.5139 15.4851 13.4443 12.0183 10.9076 10.4720 10.3475
  16  0.167156  3.5279  5.1245 -2.3986 15.1218 13.0876 11.6715 10.6103 10.1872 10.0638
  17  0.184476  3.5323  5.0960 -2.3093 14.8284 12.7982 11.3911 10.3778  9.9674  9.8459
  18  0.198915  3.5360  5.0744 -2.2406 14.6016 12.5749 11.1747 10.1989  9.7986  9.6789
  19  0.211918  3.5390  5.0556 -2.1824 14.4116 12.3884 10.9942 10.0481  9.6560  9.5377
  20  0.224380  3.5417  5.0392 -2.1301 14.2401 12.2205 10.8316  9.9127  9.5279  9.4113
  21  0.236808  3.5443  5.0241 -2.0814 14.0801 12.0639 10.6802  9.7861  9.4085  9.2932
  22  0.249782  3.5468  5.0098 -2.0337 13.9252 11.9125 10.5337  9.6633  9.2922  9.1785
  23  0.264769  3.5494  4.9951 -1.9831 13.7614 11.7523 10.3790  9.5326  9.1686  9.0564
  24  0.280963  3.5521  4.9806 -1.9324 13.5988 11.5933 10.2252  9.4021  9.0448  8.9343
  25  0.295054  3.5543  4.9686 -1.8901 13.4636 11.4612 10.0977  9.2936  8.9420  8.8327
  26  0.305307  3.5559  4.9599 -1.8601 13.3681 11.3675 10.0072  9.2167  8.8692  8.7610
  27  0.312536  3.5570  4.9540 -1.8398 13.3037 11.3044  9.9461  9.1646  8.8199  8.7122
  28  0.317791  3.5578  4.9499 -1.8252 13.2574 11.2588  9.9021  9.1272  8.7846  8.6774
  29  0.321673  3.5584  4.9465 -1.8142 13.2223 11.2244  9.8688  9.0991  8.7579  8.6511
  30  0.324892  3.5589  4.9436 -1.8048 13.1925 11.1951  9.8405  9.0750  8.7352  8.6287
  31  0.327905  3.5594  4.9408 -1.7959 13.1641 11.1672  9.8137  9.0524  8.7139  8.6077
  32  0.331215  3.5600  4.9379 -1.7864 13.1336 11.1372  9.7847  9.0279  8.6909  8.5850
  33  0.334949  3.5607  4.9345 -1.7757 13.0992 11.1036  9.7523  9.0006  8.6650  8.5595
  34  0.339597  3.5614  4.9303 -1.7625 13.0570 11.0621  9.7124  8.9668  8.6332  8.5281
  35  0.345151  3.5623  4.9250 -1.7464 13.0056 11.0118  9.6639  8.9256  8.5944  8.4898
  36  0.358612  3.5649  4.9115 -1.7065 12.8774 10.8835  9.5408  8.8229  8.4984  8.3954
  37  0.406215  3.5758  4.8582 -1.5550 12.3729 10.3915  9.0724  8.4355  8.1381  8.0412
  38  0.420277  3.5797  4.8403 -1.5067 12.2092 10.2318  8.9220  8.3124  8.0245  7.9298
  39  0.430370  3.5827  4.8268 -1.4709 12.0854 10.1111  8.8090  8.2204  7.9401  7.8471
  40  0.439796  3.5857  4.8140 -1.4366 11.9658  9.9954  8.7016  8.1329  7.8598  7.7685
  41  0.449708  3.5891  4.8006 -1.4002 11.8368  9.8710  8.5876  8.0398  7.7746  7.6850
  42  0.460728  3.5930  4.7859 -1.3592 11.6889  9.7292  8.4591  7.9346  7.6786  7.5911
  43  0.472495  3.5976  4.7702 -1.3141 11.5242  9.5717  8.3188  7.8195  7.5736  7.4886
  44  0.484151  3.6024  4.7550 -1.2687 11.3547  9.4102  8.1780  7.7032  7.4676  7.3850
  45  0.495262  3.6075  4.7410 -1.2249 11.1894  9.2528  8.0442  7.5916  7.3657  7.2856
  46  0.505350  3.6123  4.7292 -1.1850 11.0363  9.1070  7.9227  7.4899  7.2731  7.1952
  47  0.514445  3.6169  4.7190 -1.1485 10.8935  8.9712  7.8117  7.3970  7.1885  7.1128
  48  0.523104  3.6217  4.7097 -1.1132 10.7522  8.8372  7.7045  7.3070  7.1068  7.0332
  49  0.531802  3.6267  4.7011 -1.0772 10.6071  8.6977  7.5943  7.2154  7.0242  6.9528
  50  0.540721  3.6322  4.6929 -1.0399 10.4522  8.5503  7.4802  7.1207  6.9389  6.8699
  51  0.550000  3.6381  4.6850 -1.0010 10.2837  8.3938  7.3612  7.0216  6.8497  6.7834
  52  0.555193  3.6414  4.6808 -0.9792 10.1852  8.3048  7.2947  6.9662  6.7998  6.7350
  53  0.560361  3.6450  4.6771 -0.9574 10.0798  8.2139  7.2276  6.9102  6.7496  6.6864
  54  0.565477  3.6486  4.6737 -0.9356  9.9698  8.1223  7.1607  6.8545  6.6994  6.6380
  55  0.570539  3.6522  4.6705 -0.9138  9.8563  8.0306  7.0943  6.7989  6.6494  6.5899
  56  0.575537  3.6559  4.6676 -0.8924  9.7403  7.9393  7.0287  6.7438  6.5999  6.5422
  57  0.580472  3.6596  4.6649 -0.8711  9.6226  7.8491  6.9640  6.6892  6.5506  6.4949
  58  0.585357  3.6634  4.6622 -0.8501  9.5047  7.7608  6.9005  6.6350  6.5015  6.4478
  59  0.590194  3.6670  4.6594 -0.8293  9.3876  7.6747  6.8383  6.5812  6.4527  6.4010
  60  0.594986  3.6705  4.6565 -0.8087  9.2710  7.5907  6.7773  6.5282  6.4043  6.3546
  61  0.599741  3.6739  4.6534 -0.7884  9.1553  7.5088  6.7176  6.4757  6.3564  6.3087
  62  0.604468  3.6773  4.6501 -0.7682  9.0408  7.4292  6.6592  6.4240  6.3091  6.2633
  63  0.609135  3.6806  4.6467 -0.7484  8.9270  7.3517  6.6020  6.3732  6.2624  6.2186
  64  0.613739  3.6838  4.6432 -0.7287  8.8113  7.2761  6.5463  6.3236  6.2170  6.1750
  65  0.618278  3.6870  4.6397 -0.7095  8.6975  7.2026  6.4919  6.2749  6.1722  6.1321
  66  0.622744  3.6900  4.6360 -0.6904  8.5869  7.1312  6.4387  6.2272  6.1283  6.0901
  67  0.627154  3.6930  4.6323 -0.6716  8.4798  7.0619  6.3864  6.1802  6.0851  6.0486
  68  0.631488  3.6960  4.6285 -0.6531  8.3770  6.9947  6.3354  6.1342  6.0427  6.0079
  69  0.635767  3.6988  4.6246 -0.6349  8.2814  6.9299  6.2852  6.0889  6.0009  5.9677
  70  0.639983  3.7016  4.6207 -0.6169  8.1954  6.8673  6.2356  6.0442  5.9596  5.9279
  71  0.644138  3.7043  4.6166 -0.5992  8.1133  6.8065  6.1869  6.0003  5.9190  5.8888
  72  0.648227  3.7070  4.6125 -0.5818  8.0344  6.7475  6.1393  5.9573  5.8792  5.8504
  73  0.652269  3.7095  4.6083 -0.5645  7.9580  6.6900  6.0924  5.9149  5.8399  5.8124
  74  0.656253  3.7120  4.6040 -0.5474  7.8838  6.6340  6.0466  5.8733  5.8013  5.7750
  75  0.660173  3.7145  4.5997 -0.5307  7.8108  6.5791  6.0015  5.8324  5.7633  5.7383
  76  0.664031  3.7169  4.5952 -0.5141  7.7358  6.5252  5.9575  5.7924  5.7260  5.7024
  77  0.667826  3.7193  4.5908 -0.4978  7.6609  6.4725  5.9145  5.7531  5.6894  5.6670
  78  0.671544  3.7216  4.5863 -0.4817  7.5876  6.4210  5.8724  5.7145  5.6535  5.6323
  79  0.675199  3.7238  4.5817 -0.4659  7.5157  6.3707  5.8311  5.6767  5.6183  5.5982
  80  0.678779  3.7259  4.5770 -0.4503  7.4457  6.3216  5.7907  5.6397  5.5837  5.5648
  81  0.682293  3.7280  4.5723 -0.4349  7.3773  6.2736  5.7512  5.6032  5.5496  5.5319
  82  0.686825  3.7307  4.5660 -0.4151  7.2897  6.2120  5.7001  5.5562  5.5056  5.4892
  83  0.691288  3.7333  4.5594 -0.3953  7.2051  6.1516  5.6498  5.5099  5.4621  5.4470
  84  0.695686  3.7357  4.5526 -0.3758  7.1232  6.0923  5.6002  5.4640  5.4189  5.4051
  85  0.700019  3.7382  4.5456 -0.3564  7.0432  6.0340  5.5512  5.4187  5.3762  5.3636
  86  0.704289  3.7405  4.5383 -0.3371  6.9653  5.9767  5.5029  5.3738  5.3338  5.3224
  87  0.708503  3.7428  4.5308 -0.3180  6.8894  5.9204  5.4550  5.3292  5.2916  5.2813
  88  0.712658  3.7450  4.5231 -0.2990  6.8151  5.8649  5.4076  5.2850  5.2496  5.2403
  89  0.716758  3.7470  4.5151 -0.2801  6.7427  5.8101  5.3605  5.2409  5.2077  5.1995
  90  0.720797  3.7491  4.5069 -0.2613  6.6722  5.7562  5.3138  5.1969  5.1658  5.1586
  91  0.724775  3.7511  4.4984 -0.2426  6.6032  5.7030  5.2673  5.1533  5.1240  5.1177
  92  0.728690  3.7530  4.4897 -0.2240  6.5359  5.6505  5.2212  5.1097  5.0824  5.0770
  93  0.732534  3.7548  4.4807 -0.2055  6.4700  5.5988  5.1756  5.0665  5.0409  5.0364
  94  0.736305  3.7565  4.4715 -0.1872  6.4056  5.5476  5.1304  5.0236  4.9997  4.9960
  95  0.739997  3.7581  4.4620 -0.1690  6.3427  5.4973  5.0856  4.9812  4.9587  4.9558
  96  0.743604  3.7597  4.4524 -0.1510  6.2811  5.4476  5.0414  4.9391  4.9181  4.9160
  97  0.747123  3.7612  4.4426 -0.1332  6.2210  5.3987  4.9977  4.8974  4.8778  4.8764
  98  0.750547  3.7626  4.4326 -0.1156  6.1620  5.3506  4.9547  4.8563  4.8381  4.8374
  99  0.753877  3.7639  4.4225 -0.0982  6.1044  5.3033  4.9124  4.8158  4.7989  4.7988
 100  0.757106  3.7652  4.4121 -0.0811  6.0483  5.2568  4.8707  4.7760  4.7602  4.7606
 101  0.760234  3.7663  4.4016 -0.0642  5.9936  5.2112  4.8296  4.7366  4.7218  4.7228
 102  0.763266  3.7674  4.3912 -0.0474  5.9403  5.1665  4.7890  4.6976  4.6839  4.6855
 103  0.766211  3.7685  4.3804 -0.0310  5.8887  5.1226  4.7490  4.6590  4.6463  4.6483
 104  0.769073  3.7694  4.3697 -0.0149  5.8383  5.0794  4.7096  4.6210  4.6090  4.6115
 105  0.771860  3.7703  4.3587  0.0011  5.7894  5.0369  4.6705  4.5831  4.5721  4.5750
 106  0.774580  3.7711  4.3478  0.0169  5.7415  4.9952  4.6319  4.5458  4.5355  4.5387
 107  0.777245  3.7719  4.3367  0.0325  5.6947  4.9541  4.5938  4.5088  4.4991  4.5027
 108  0.779864  3.7725  4.3256  0.0479  5.6490  4.9136  4.5561  4.4721  4.4631  4.4669
 109  0.782453  3.7732  4.3144  0.0632  5.6043  4.8737  4.5187  4.4358  4.4272  4.4315
 110  0.785000  3.7738  4.3032  0.0782  5.5605  4.8344  4.4818  4.3996  4.3918  4.3963
 111  0.787388  3.7745  4.2924  0.0930  5.5167  4.7954  4.4455  4.3643  4.3571  4.3619
 112  0.788225  3.7747  4.2887  0.0983  5.5010  4.7814  4.4325  4.3518  4.3447  4.3496
 113  0.789064  3.7750  4.2849  0.1037  5.4853  4.7675  4.4195  4.3391  4.3323  4.3372
 114  0.789902  3.7752  4.2809  0.1090  5.4696  4.7534  4.4063  4.3263  4.3197  4.3248
 115  0.790739  3.7754  4.2768  0.1145  5.4540  4.7393  4.3930  4.3133  4.3068  4.3121
 116  0.791574  3.7756  4.2725  0.1200  5.4387  4.7252  4.3796  4.3001  4.2938  4.2991
 117  0.792407  3.7758  4.2680  0.1254  5.4232  4.7109  4.3659  4.2867  4.2806  4.2859
 118  0.793237  3.7759  4.2635  0.1310  5.4078  4.6965  4.3522  4.2731  4.2671  4.2726
 119  0.794066  3.7761  4.2588  0.1366  5.3923  4.6822  4.3383  4.2595  4.2535  4.2590
 120  0.794892  3.7762  4.2540  0.1423  5.3769  4.6677  4.3243  4.2456  4.2398  4.2453
 121  0.795718  3.7763  4.2493  0.1480  5.3615  4.6530  4.3101  4.2316  4.2259  4.2314
 122  0.796541  3.7764  4.2443  0.1538  5.3461  4.6384  4.2958  4.2175  4.2118  4.2174
 123  0.797360  3.7765  4.2393  0.1596  5.3305  4.6236  4.2814  4.2032  4.1976  4.2032
 124  0.798176  3.7766  4.2342  0.1655  5.3146  4.6085  4.2668  4.1888  4.1832  4.1890
 125  0.798992  3.7767  4.2292  0.1714  5.2989  4.5936  4.2522  4.1744  4.1688  4.1746
 126  0.799810  3.7767  4.2240  0.1773  5.2832  4.5785  4.2376  4.1597  4.1543  4.1600
 127  0.800627  3.7768  4.2186  0.1833  5.2675  4.5635  4.2228  4.1450  4.1396  4.1454
 128  0.801442  3.7769  4.2134  0.1892  5.2519  4.5483  4.2078  4.1302  4.1248  4.1306
 129  0.802255  3.7769  4.2079  0.1953  5.2363  4.5331  4.1927  4.1153  4.1098  4.1157
 130  0.803069  3.7769  4.2023  0.2014  5.2207  4.5178  4.1776  4.1002  4.0947  4.1006
 131  0.803879  3.7769  4.1966  0.2075  5.2053  4.5026  4.1624  4.0849  4.0794  4.0853
 132  0.804687  3.7768  4.1907  0.2137  5.1899  4.4873  4.1470  4.0695  4.0640  4.0698
 133  0.805493  3.7768  4.1847  0.2198  5.1746  4.4719  4.1316  4.0540  4.0484  4.0541
 134  0.806297  3.7767  4.1785  0.2261  5.1594  4.4565  4.1160  4.0382  4.0326  4.0383
 135  0.807096  3.7766  4.1723  0.2323  5.1443  4.4410  4.1003  4.0223  4.0166  4.0222
 136  0.807893  3.7764  4.1658  0.2386  5.1292  4.4256  4.0844  4.0064  4.0004  4.0060
 137  0.808685  3.7763  4.1593  0.2449  5.1144  4.4100  4.0685  3.9902  3.9840  3.9896
 138  0.809474  3.7761  4.1525  0.2514  5.0996  4.3945  4.0524  3.9738  3.9675  3.9730
 139  0.810257  3.7759  4.1456  0.2578  5.0850  4.3790  4.0362  3.9573  3.9507  3.9561
 140  0.811035  3.7756  4.1387  0.2643  5.0705  4.3633  4.0199  3.9406  3.9338  3.9391
 141  0.811809  3.7753  4.1314  0.2708  5.0562  4.3478  4.0034  3.9239  3.9168  3.9218
 142  0.812576  3.7750  4.1240  0.2774  5.0421  4.3321  3.9869  3.9069  3.8994  3.9044
 143  0.813338  3.7747  4.1165  0.2839  5.0283  4.3166  3.9702  3.8897  3.8819  3.8868
 144  0.814095  3.7743  4.1087  0.2906  5.0148  4.3011  3.9534  3.8724  3.8642  3.8688
 145  0.814845  3.7738  4.1006  0.2972  5.0017  4.2856  3.9365  3.8549  3.8462  3.8506
 146  0.815589  3.7733  4.0923  0.3038  4.9890  4.2702  3.9195  3.8371  3.8280  3.8321
 147  0.816326  3.7728  4.0839  0.3105  4.9765  4.2549  3.9024  3.8193  3.8096  3.8134
 148  0.817058  3.7722  4.0750  0.3172  4.9648  4.2397  3.8852  3.8012  3.7909  3.7945
 149  0.817782  3.7715  4.0658  0.3239  4.9540  4.2248  3.8678  3.7828  3.7718  3.7751
 150  0.818501  3.7708  4.0565  0.3307  4.9433  4.2098  3.8505  3.7644  3.7526  3.7555
 151  0.819212  3.7699  4.0466  0.3375  4.9340  4.1953  3.8330  3.7457  3.7330  3.7355
 152  0.819918  3.7690  4.0366  0.3442  4.9249  4.1808  3.8154  3.7268  3.7133  3.7153
 153  0.820617  3.7680  4.0263  0.3510  4.9164  4.1665  3.7978  3.7079  3.6934  3.6949
 154  0.821314  3.7669  4.0156  0.3578  4.9088  4.1524  3.7801  3.6887  3.6731  3.6742
 155  0.822004  3.7658  4.0046  0.3646  4.9022  4.1387  3.7624  3.6694  3.6527  3.6531
 156  0.822691  3.7645  3.9931  0.3715  4.8968  4.1252  3.7447  3.6499  3.6320  3.6318
 157  0.823377  3.7630  3.9809  0.3782  4.8935  4.1127  3.7270  3.6301  3.6108  3.6099
 158  0.824059  3.7613  3.9674  0.3849  4.8935  4.1015  3.7097  3.6102  3.5889  3.5872
 159  0.824739  3.7593  3.9532  0.3914  4.8952  4.0912  3.6926  3.5901  3.5670  3.5643
 160  0.825414  3.7569  3.9376  0.3979  4.9010  4.0827  3.6760  3.5700  3.5445  3.5407
 161  0.826077  3.7541  3.9207  0.4041  4.9114  4.0760  3.6598  3.5499  3.5216  3.5165
 162  0.826724  3.7509  3.9026  0.4099  4.9279  4.0725  3.6453  3.5305  3.4989  3.4923
 163  0.827366  3.7475  3.8824  0.4163  4.9469  4.0690  3.6294  3.5095  3.4743  3.4660
 164  0.828002  3.7436  3.8604  0.4232  4.9694  4.0657  3.6125  3.4867  3.4474  3.4374
 165  0.828625  3.7395  3.8364  0.4314  4.9930  4.0607  3.5931  3.4611  3.4175  3.4054
 166  0.829226  3.7356  3.8107  0.4413  5.0127  4.0517  3.5696  3.4315  3.3835  3.3694
 167  0.829795  3.7319  3.7841  0.4534  5.0249  4.0368  3.5412  3.3973  3.3453  3.3294
 168  0.830323  3.7286  3.7573  0.4676  5.0276  4.0152  3.5079  3.3590  3.3034  3.2859
 169  0.830811  3.7259  3.7311  0.4832  5.0205  3.9876  3.4707  3.3176  3.2590  3.2401
 170  0.831264  3.7236  3.7056  0.5001  5.0052  3.9554  3.4306  3.2740  3.2128  3.1928
 171  0.831688  3.7219  3.6810  0.5178  4.9826  3.9194  3.3882  3.2289  3.1655  3.1445
 172  0.832090  3.7203  3.6570  0.5359  4.9551  3.8809  3.3443  3.1826  3.1175  3.0956
 173  0.832473  3.7191  3.6335  0.5546  4.9233  3.8402  3.2993  3.1356  3.0689  3.0465
 174  0.832844  3.7181  3.6106  0.5734  4.8882  3.7979  3.2533  3.0879  3.0201  2.9971
 175  0.833202  3.7172  3.5882  0.5926  4.8506  3.7544  3.2068  3.0399  2.9710  2.9475
 176  0.833551  3.7164  3.5660  0.6118  4.8109  3.7100  3.1598  2.9916  2.9217  2.8977
 177  0.833893  3.7157  3.5440  0.6312  4.7698  3.6647  3.1123  2.9430  2.8722  2.8479
 178  0.834228  3.7151  3.5224  0.6507  4.7273  3.6189  3.0645  2.8942  2.8227  2.7980
 179  0.834559  3.7146  3.5007  0.6702  4.6840  3.5727  3.0165  2.8453  2.7731  2.7481
 180  0.834885  3.7140  3.4792  0.6899  4.6395  3.5262  2.9683  2.7962  2.7233  2.6981
 181  0.835208  3.7135  3.4577  0.7095  4.5944  3.4796  2.9201  2.7471  2.6735  2.6480
 182  0.835443  3.7132  3.4421  0.7238  4.5616  3.4456  2.8851  2.7113  2.6373  2.6117
 183  0.835676  3.7128  3.4265  0.7381  4.5285  3.4113  2.8497  2.6753  2.6009  2.5751
 184  0.835910  3.7125  3.4108  0.7526  4.4951  3.3768  2.8141  2.6390  2.5642  2.5383
 185  0.836143  3.7121  3.3950  0.7673  4.4612  3.3420  2.7782  2.6026  2.5272  2.5012
 186  0.836376  3.7118  3.3791  0.7821  4.4268  3.3067  2.7419  2.5656  2.4899  2.4636
 187  0.836608  3.7116  3.3629  0.7970  4.3919  3.2707  2.7048  2.5280  2.4519  2.4255
 188  0.836839  3.7112  3.3463  0.8123  4.3566  3.2344  2.6674  2.4899  2.4132  2.3867
 189  0.837069  3.7109  3.3298  0.8278  4.3208  3.1974  2.6294  2.4513  2.3742  2.3475
 190  0.837298  3.7106  3.3128  0.8434  4.2841  3.1598  2.5907  2.4120  2.3345  2.3076
 191  0.837525  3.7102  3.2954  0.8597  4.2463  3.1209  2.5508  2.3713  2.2934  2.2663
 192  0.837745  3.7099  3.2764  0.8772  4.2055  3.0789  2.5075  2.3275  2.2490  2.2218
 193  0.837959  3.7094  3.2561  0.8961  4.1622  3.0341  2.4613  2.2805  2.2014  2.1740
 194  0.838168  3.7090  3.2349  0.9156  4.1174  2.9875  2.4132  2.2314  2.1518  2.1241
 195  0.838371  3.7085  3.2123  0.9363  4.0702  2.9384  2.3623  2.1796  2.0993  2.0714
 196  0.838570  3.7080  3.1890  0.9575  4.0221  2.8880  2.3101  2.1265  2.0455  2.0173
 197  0.838765  3.7074  3.1653  0.9793  3.9730  2.8366  2.2568  2.0721  1.9905  1.9621
 198  0.838954  3.7068  3.1408  1.0017  3.9227  2.7836  2.2017  2.0160  1.9336  1.9049
 199  0.839139  3.7062  3.1155  1.0246  3.8714  2.7294  2.1454  1.9586  1.8753  1.8464
 200  0.839321  3.7056  3.0895  1.0483  3.8196  2.6741  2.0877  1.8997  1.8156  1.7862
 201  0.839496  3.7049  3.0627  1.0723  3.7669  2.6177  2.0288  1.8394  1.7544  1.7248
 202  0.839666  3.7042  3.0351  1.0970  3.7137  2.5602  1.9684  1.7777  1.6917  1.6617
 203  0.839832  3.7035  3.0070  1.1221  3.6596  2.5016  1.9070  1.7149  1.6278  1.5974
 204  0.839992  3.7026  2.9780  1.1479  3.6053  2.4421  1.8444  1.6506  1.5625  1.5316
 205  0.840146  3.7016  2.9483  1.1740  3.5510  2.3819  1.7809  1.5854  1.4960  1.4646
 206  0.840296  3.7007  2.9180  1.2006  3.4961  2.3209  1.7162  1.5190  1.4283  1.3963
 207  0.840440  3.6997  2.8869  1.2277  3.4413  2.2589  1.6504  1.4513  1.3593  1.3268
 208  0.840578  3.6986  2.8552  1.2552  3.3865  2.1965  1.5840  1.3828  1.2894  1.2564
 209  0.840711  3.6976  2.8230  1.2830  3.3316  2.1334  1.5165  1.3134  1.2184  1.1847
 210  0.840838  3.6963  2.7901  1.3113  3.2788  2.0697  1.4480  1.2428  1.1463  1.1120
 211  0.840960  3.6951  2.7567  1.3399  3.2265  2.0055  1.3787  1.1712  1.0732  1.0381
 212  0.841077  3.6938  2.7224  1.3690  3.1759  1.9412  1.3086  1.0986  0.9988  0.9630
 213  0.841188  3.6925  2.6874  1.3988  3.1236  1.8750  1.2366  1.0242  0.9226  0.8861
 214  0.841295  3.6912  2.6521  1.4288  3.0719  1.8087  1.1643  0.9493  0.8459  0.8086
 215  0.841397  3.6899  2.6172  1.4585  3.0212  1.7431  1.0926  0.8749  0.7699  0.7317
 216  0.841496  3.6882  2.5804  1.4885  2.9777  1.6797  1.0211  0.8003  0.6929  0.6538
 217  0.841511  3.6879  2.5747  1.4933  2.9697  1.6690  1.0095  0.7882  0.6805  0.6413
 218  0.841526  3.6877  2.5690  1.4981  2.9617  1.6584  0.9977  0.7760  0.6681  0.6288
 219  0.841541  3.6875  2.5632  1.5030  2.9536  1.6477  0.9859  0.7639  0.6556  0.6162
 220  0.841557  3.6873  2.5575  1.5079  2.9456  1.6370  0.9742  0.7517  0.6432  0.6035
 221  0.841572  3.6870  2.5516  1.5128  2.9376  1.6263  0.9624  0.7393  0.6306  0.5908
 222  0.841588  3.6868  2.5458  1.5177  2.9296  1.6155  0.9505  0.7271  0.6179  0.5780
 223  0.841602  3.6866  2.5399  1.5227  2.9213  1.6045  0.9385  0.7146  0.6052  0.5652
 224  0.841617  3.6863  2.5340  1.5276  2.9135  1.5938  0.9265  0.7022  0.5925  0.5524
 225  0.841632  3.6861  2.5281  1.5327  2.9053  1.5829  0.9145  0.6898  0.5798  0.5395
 226  0.841647  3.6858  2.5222  1.5376  2.8973  1.5721  0.9026  0.6774  0.5671  0.5266
 227  0.841782  3.6837  2.4693  1.5820  2.8273  1.4756  0.7957  0.5664  0.4533  0.4116
 228  0.841904  3.6815  2.4195  1.6233  2.7650  1.3868  0.6963  0.4630  0.3471  0.3042
 229  0.842020  3.6791  2.3635  1.6694  2.6967  1.2889  0.5862  0.3479  0.2287  0.1845
 230  0.842123  3.6768  2.3125  1.7114  2.6339  1.2007  0.4868  0.2438  0.1216  0.0761
 231  0.842219  3.6752  2.2744  1.7429  2.5866  1.1344  0.4122  0.1659  0.0414 -0.0050
 232  0.842312  3.6753  2.2717  1.7463  2.5772  1.1255  0.4036  0.1576  0.0333 -0.0131
 233  0.842413  3.6766  2.2897  1.7336  2.5862  1.1479  0.4321  0.1889  0.0664  0.0208
 234  0.842518  3.6731  2.2168  1.7926  2.5040  1.0264  0.2934  0.0430 -0.0843 -0.1320
 235  0.842610  3.6699  2.1481  1.8484  2.4269  0.9121  0.1628 -0.0944 -0.2263 -0.2757
 236  0.842692  3.6666  2.0811  1.9025  2.3549  0.8027  0.0369 -0.2271 -0.3635 -0.4149
 237  0.842764  3.6635  2.0157  1.9552  2.2874  0.6974 -0.0848 -0.3558 -0.4969 -0.5503
 238  0.842828  3.6602  1.9493  2.0083  2.2238  0.5933 -0.2067 -0.4850 -0.6311 -0.6866
 239  0.842884  3.6569  1.8863  2.0584  2.1695  0.4975 -0.3202 -0.6059 -0.7571 -0.8146
 240  0.842935  3.6537  1.8251  2.1067  2.1201  0.4063 -0.4293 -0.7226 -0.8786 -0.9382
 241  0.842980  3.6505  1.7640  2.1548  2.0732  0.3168 -0.5371 -0.8381 -0.9993 -1.0609
 242  0.843021  3.6474  1.7054  2.2009  2.0308  0.2322 -0.6398 -0.9483 -1.1146 -1.1781
 243  0.843057  3.6441  1.6471  2.2466  1.9910  0.1498 -0.7409 -1.0573 -1.2287 -1.2942
 244  0.843091  3.6410  1.5900  2.2911  1.9545  0.0707 -0.8388 -1.1631 -1.3396 -1.4072
 245  0.843121  3.6379  1.5338  2.3348  1.9208 -0.0057 -0.9344 -1.2667 -1.4484 -1.5179
 246  0.843148  3.6348  1.4792  2.3771  1.8907 -0.0777 -1.0259 -1.3664 -1.5533 -1.6248
 247  0.843172  3.6315  1.4247  2.4189  1.8646 -0.1470 -1.1151 -1.4645 -1.6568 -1.7305
 248  0.843195  3.6284  1.3714  2.4597  1.8407 -0.2129 -1.2012 -1.5597 -1.7576 -1.8334
 249  0.843215  3.6253  1.3194  2.4993  1.8197 -0.2752 -1.2835 -1.6516 -1.8551 -1.9329
 250  0.843234  3.6223  1.2682  2.5382  1.7998 -0.3352 -1.3634 -1.7414 -1.9508 -2.0306
 251  0.843251  3.6193  1.2176  2.5767  1.7822 -0.3927 -1.4416 -1.8298 -2.0451 -2.1269
 252  0.843266  3.6163  1.1689  2.6136  1.7664 -0.4464 -1.5157 -1.9143 -2.1354 -2.2193
 253  0.843281  3.6134  1.1203  2.6505  1.7514 -0.4981 -1.5882 -1.9978 -2.2251 -2.3111
 254  0.843294  3.6105  1.0730  2.6862  1.7370 -0.5473 -1.6572 -2.0788 -2.3123 -2.4004
 255  0.843307  3.6076  1.0269  2.7210  1.7232 -0.5936 -1.7229 -2.1573 -2.3972 -2.4872
 256  0.843318  3.6049  0.9817  2.7551  1.7095 -0.6374 -1.7856 -2.2335 -2.4801 -2.5721
 257  0.843329  3.6021  0.9374  2.7883  1.6975 -0.6777 -1.8448 -2.3074 -2.5609 -2.6550
 258  0.843338  3.5994  0.8937  2.8210  1.6852 -0.7161 -1.9013 -2.3796 -2.6402 -2.7363
 259  0.843346  3.5967  0.8512  2.8528  1.6726 -0.7524 -1.9561 -2.4496 -2.7172 -2.8154
 260  0.843355  3.5940  0.8098  2.8838  1.6596 -0.7862 -2.0075 -2.5174 -2.7921 -2.8923
 261  0.843363  3.5915  0.7688  2.9145  1.6459 -0.8179 -2.0562 -2.5837 -2.8661 -2.9684
 262  0.843370  3.5890  0.7292  2.9440  1.6318 -0.8461 -2.1004 -2.6471 -2.9375 -3.0420
 263  0.843377  3.5865  0.6901  2.9732  1.6168 -0.8718 -2.1413 -2.7090 -3.0078 -3.1145
 264  0.843383  3.5841  0.6520  3.0017  1.6013 -0.8950 -2.1788 -2.7686 -3.0761 -3.1853
 265  0.843389  3.5817  0.6145  3.0296  1.5845 -0.9163 -2.2137 -2.8265 -3.1431 -3.2549
 266  0.843395  3.5793  0.5777  3.0569  1.5679 -0.9345 -2.2449 -2.8821 -3.2084 -3.3228
 267  0.843400  3.5770  0.5417  3.0836  1.5502 -0.9508 -2.2734 -2.9361 -3.2722 -3.3894
 268  0.843405  3.5747  0.5065  3.1096  1.5314 -0.9662 -2.3005 -2.9890 -3.3348 -3.4545
 269  0.843410  3.5724  0.4719  3.1352  1.5129 -0.9777 -2.3234 -3.0396 -3.3960 -3.5185
 270  0.843414  3.5702  0.4379  3.1601  1.4944 -0.9854 -2.3423 -3.0881 -3.4556 -3.5809
 271  0.843419  3.5679  0.4044  3.1844  1.4754 -0.9901 -2.3576 -3.1343 -3.5133 -3.6418
 272  0.843423  3.5657  0.3718  3.2083  1.4561 -0.9919 -2.3700 -3.1780 -3.5691 -3.7011
 273  0.843426  3.5634  0.3395  3.2316  1.4373 -0.9903 -2.3781 -3.2195 -3.6233 -3.7589
 274  0.843430  3.5611  0.3072  3.2544  1.4192 -0.9834 -2.3800 -3.2588 -3.6762 -3.8158
 275  0.843433  3.5590  0.2765  3.2767  1.3978 -0.9795 -2.3833 -3.2978 -3.7279 -3.8712
 276  0.843436  3.5569  0.2464  3.2984  1.3762 -0.9731 -2.3831 -3.3350 -3.7781 -3.9254
 277  0.843440  3.5548  0.2171  3.3194  1.3548 -0.9640 -2.3790 -3.3698 -3.8263 -3.9778
 278  0.843442  3.5528  0.1890  3.3396  1.3331 -0.9521 -2.3690 -3.4020 -3.8723 -4.0280
 279  0.843441  3.5512  0.1658  3.3565  1.3135 -0.9406 -2.3561 -3.4284 -3.9109 -4.0703
