#NUMBER OF AGES= 1 MAGS= 6
#----------------------------------------------------       
#MIX-LEN  Y      Z          Zeff        [Fe/H] [a/Fe]
# 1.9380  0.2459 5.4098E-04 2.7537E-04  -1.78   0.40 
#----------------------------------------------------       
#**PHOTOMETRIC SYSTEM**: DECam (AB)
#----------------------------------------------------       
#AGE=10.700 EEPS=267
#EEP   M/Mo    LogTeff  LogG   LogL/Lo DECam_u DECam_g DECam_r DECam_i DECam_z DECam_Y
  12  0.106879  3.5343  5.3502 -2.7927 16.3719 13.9812 12.4106 11.5458 11.2048 11.1035
  13  0.117824  3.5411  5.3001 -2.6729 15.9333 13.5829 12.0334 11.2438 10.9166 10.8154
  14  0.130633  3.5484  5.2491 -2.5481 15.4732 13.1712 11.6468 10.9284 10.6148 10.5147
  15  0.146006  3.5558  5.2014 -2.4222 15.0060 12.7587 11.2642 10.6095 10.3091 10.2107
  16  0.162983  3.5629  5.1638 -2.3086 14.5812 12.3876 10.9248 10.3212 10.0326  9.9363
  17  0.179058  3.5686  5.1351 -2.2160 14.2374 12.0879 10.6540 10.0861  9.8068  9.7124
  18  0.193641  3.5730  5.1112 -2.1408 13.9631 11.8490 10.4392  9.8951  9.6228  9.5299
  19  0.208131  3.5767  5.0893 -2.0731 13.7211 11.6384 10.2499  9.7240  9.4571  9.3655
  20  0.223119  3.5799  5.0688 -2.0096 13.4969 11.4432 10.0748  9.5638  9.3017  9.2112
  21  0.238277  3.5828  5.0503 -1.9508 13.2900 11.2638  9.9144  9.4158  9.1578  9.0684
  22  0.253863  3.5856  5.0336 -1.8956 13.0949 11.0954  9.7647  9.2767  9.0226  8.9342
  23  0.269986  3.5882  5.0179 -1.8427 12.9057 10.9338  9.6220  9.1436  8.8931  8.8057
  24  0.286310  3.5908  5.0038 -1.7928 12.7255 10.7814  9.4885  9.0183  8.7714  8.6848
  25  0.299422  3.5925  4.9931 -1.7551 12.5892 10.6660  9.3876  8.9235  8.6792  8.5933
  26  0.308370  3.5937  4.9861 -1.7306 12.5018 10.5918  9.3225  8.8621  8.6194  8.5340
  27  0.314729  3.5945  4.9818 -1.7143 12.4436 10.5421  9.2789  8.8209  8.5792  8.4941
  28  0.319399  3.5952  4.9788 -1.7025 12.4019 10.5063  9.2476  8.7914  8.5505  8.4657
  29  0.323086  3.5957  4.9763 -1.6932 12.3688 10.4780  9.2228  8.7680  8.5278  8.4431
  30  0.326563  3.5961  4.9747 -1.6851 12.3388 10.4526  9.2010  8.7475  8.5078  8.4234
  31  0.330198  3.5965  4.9725 -1.6762 12.3066 10.4252  9.1771  8.7250  8.4861  8.4018
  32  0.333821  3.5970  4.9698 -1.6668 12.2731 10.3966  9.1522  8.7013  8.4631  8.3790
  33  0.338978  3.5977  4.9665 -1.6543 12.2280 10.3582  9.1190  8.6699  8.4324  8.3486
  34  0.341933  3.5978  4.9641 -1.6473 12.2023 10.3386  9.1034  8.6524  8.4146  8.3309
  35  0.351627  3.5991  4.9554 -1.6215 12.1113 10.2609  9.0361  8.5875  8.3512  8.2680
  36  0.379907  3.6043  4.9243 -1.5363 11.7992  9.9913  8.8041  8.3718  8.1432  8.0624
  37  0.403177  3.6097  4.8972 -1.4617 11.5133  9.7482  8.6000  8.1823  7.9614  7.8834
  38  0.422579  3.6150  4.8728 -1.3956 11.2579  9.5301  8.4187  8.0143  7.8009  7.7256
  39  0.440459  3.6207  4.8493 -1.3309 11.0046  9.3121  8.2392  7.8493  7.6442  7.5718
  40  0.454352  3.6260  4.8310 -1.2783 10.7940  9.1306  8.0918  7.7152  7.5178  7.4479
  41  0.465587  3.6309  4.8164 -1.2335 10.6085  8.9713  7.9650  7.6010  7.4108  7.3435
  42  0.475939  3.6359  4.8034 -1.1909 10.4266  8.8164  7.8432  7.4923  7.3097  7.2450
  43  0.485658  3.6410  4.7921 -1.1503 10.2483  8.6661  7.7263  7.3890  7.2143  7.1521
  44  0.494648  3.6461  4.7825 -1.1126 10.0781  8.5242  7.6171  7.2932  7.1261  7.0667
  45  0.503057  3.6510  4.7742 -1.0773  9.9147  8.3900  7.5145  7.2037  7.0442  6.9874
  46  0.510890  3.6559  4.7673 -1.0441  9.7550  8.2620  7.4177  7.1194  6.9675  6.9132
  47  0.518404  3.6609  4.7613 -1.0117  9.5938  8.1369  7.3233  7.0375  6.8929  6.8414
  48  0.526053  3.6662  4.7556 -0.9786  9.4250  8.0090  7.2269  6.9536  6.8168  6.7681
  49  0.534178  3.6719  4.7499 -0.9433  9.2442  7.8756  7.1255  6.8648  6.7359  6.6904
  50  0.542959  3.6779  4.7437 -0.9056  9.0493  7.7357  7.0180  6.7696  6.6490  6.6069
  51  0.552310  3.6844  4.7368 -0.8655  8.8446  7.5914  6.9055  6.6694  6.5574  6.5188
  52  0.557199  3.6878  4.7332 -0.8447  8.7400  7.5176  6.8474  6.6175  6.5097  6.4730
  53  0.562151  3.6912  4.7295 -0.8235  8.6357  7.4438  6.7890  6.5652  6.4617  6.4269
  54  0.567134  3.6946  4.7258 -0.8022  8.5320  7.3704  6.7306  6.5130  6.4136  6.3808
  55  0.572134  3.6981  4.7220 -0.7809  8.4286  7.2975  6.6724  6.4609  6.3658  6.3348
  56  0.577131  3.7015  4.7181 -0.7595  8.3259  7.2254  6.6147  6.4092  6.3183  6.2893
  57  0.582105  3.7049  4.7142 -0.7383  8.2256  7.1548  6.5579  6.3582  6.2714  6.2441
  58  0.587040  3.7082  4.7102 -0.7173  8.1280  7.0860  6.5021  6.3078  6.2251  6.1996
  59  0.591923  3.7114  4.7060 -0.6967  8.0334  7.0189  6.4474  6.2584  6.1793  6.1556
  60  0.596741  3.7146  4.7018 -0.6762  7.9417  6.9535  6.3940  6.2101  6.1347  6.1125
  61  0.601488  3.7177  4.6975 -0.6561  7.8526  6.8898  6.3417  6.1627  6.0908  6.0703
  62  0.606166  3.7207  4.6931 -0.6363  7.7661  6.8276  6.2908  6.1165  6.0479  6.0289
  63  0.610775  3.7237  4.6886 -0.6169  7.6821  6.7669  6.2408  6.0711  6.0058  5.9883
  64  0.615315  3.7265  4.6841 -0.5976  7.6004  6.7075  6.1919  6.0266  5.9645  5.9485
  65  0.619786  3.7293  4.6795 -0.5787  7.5213  6.6495  6.1440  5.9830  5.9239  5.9093
  66  0.624194  3.7320  4.6747 -0.5601  7.4448  6.5929  6.0972  5.9402  5.8840  5.8708
  67  0.628532  3.7347  4.6699 -0.5416  7.3707  6.5375  6.0511  5.8982  5.8449  5.8329
  68  0.632809  3.7372  4.6650 -0.5235  7.2990  6.4833  6.0059  5.8568  5.8063  5.7956
  69  0.637014  3.7397  4.6599 -0.5056  7.2296  6.4302  5.9615  5.8163  5.7683  5.7588
  70  0.641160  3.7421  4.6549 -0.4880  7.1622  6.3783  5.9180  5.7763  5.7310  5.7225
  71  0.645246  3.7445  4.6497 -0.4706  7.0967  6.3272  5.8752  5.7370  5.6941  5.6869
  72  0.649270  3.7468  4.6442 -0.4534  7.0328  6.2771  5.8331  5.6985  5.6580  5.6518
  73  0.653230  3.7490  4.6389 -0.4365  6.9704  6.2277  5.7918  5.6607  5.6225  5.6172
  74  0.657124  3.7511  4.6334 -0.4197  6.9096  6.1792  5.7511  5.6235  5.5875  5.5832
  75  0.660959  3.7532  4.6279 -0.4032  6.8504  6.1317  5.7109  5.5866  5.5529  5.5495
  76  0.664736  3.7553  4.6222 -0.3869  6.7929  6.0850  5.6714  5.5502  5.5184  5.5160
  77  0.668447  3.7573  4.6164 -0.3709  6.7369  6.0394  5.6324  5.5141  5.4843  5.4828
  78  0.672095  3.7592  4.6105 -0.3550  6.6825  5.9947  5.5940  5.4785  5.4506  5.4499
  79  0.675682  3.7611  4.6047 -0.3393  6.6292  5.9507  5.5562  5.4434  5.4174  5.4175
  80  0.679208  3.7629  4.5989 -0.3239  6.5771  5.9074  5.5190  5.4088  5.3847  5.3856
  81  0.682665  3.7647  4.5930 -0.3087  6.5262  5.8649  5.4823  5.3748  5.3524  5.3540
  82  0.687514  3.7672  4.5846 -0.2873  6.4554  5.8053  5.4308  5.3270  5.3070  5.3097
  83  0.692314  3.7696  4.5762 -0.2660  6.3855  5.7460  5.3796  5.2794  5.2618  5.2655
  84  0.697059  3.7721  4.5676 -0.2448  6.3164  5.6874  5.3287  5.2320  5.2169  5.2216
  85  0.701743  3.7744  4.5589 -0.2238  6.2485  5.6292  5.2782  5.1850  5.1722  5.1778
  86  0.706362  3.7767  4.5502 -0.2029  6.1815  5.5715  5.2282  5.1385  5.1279  5.1345
  87  0.710908  3.7791  4.5415 -0.1821  6.1155  5.5145  5.1786  5.0923  5.0840  5.0915
  88  0.715377  3.7813  4.5327 -0.1615  6.0508  5.4580  5.1294  5.0464  5.0403  5.0486
  89  0.719763  3.7836  4.5239 -0.1411  5.9871  5.4020  5.0804  5.0009  4.9969  5.0061
  90  0.724062  3.7858  4.5150 -0.1208  5.9246  5.3466  5.0320  4.9556  4.9537  4.9637
  91  0.728271  3.7879  4.5061 -0.1007  5.8630  5.2918  4.9837  4.9105  4.9107  4.9214
  92  0.732391  3.7901  4.4970 -0.0807  5.8022  5.2372  4.9357  4.8655  4.8676  4.8792
  93  0.736425  3.7921  4.4877 -0.0607  5.7420  5.1831  4.8878  4.8207  4.8247  4.8370
  94  0.740374  3.7941  4.4782 -0.0408  5.6822  5.1293  4.8403  4.7762  4.7821  4.7952
  95  0.744242  3.7961  4.4686 -0.0210  5.6228  5.0755  4.7931  4.7321  4.7398  4.7536
  96  0.748035  3.7980  4.4587 -0.0011  5.5637  5.0219  4.7462  4.6881  4.6977  4.7121
  97  0.751747  3.7999  4.4486  0.0187  5.5051  4.9685  4.6993  4.6442  4.6556  4.6705
  98  0.755377  3.8018  4.4383  0.0384  5.4475  4.9154  4.6522  4.6000  4.6130  4.6285
  99  0.758930  3.8035  4.4277  0.0581  5.3904  4.8625  4.6050  4.5555  4.5701  4.5862
 100  0.762403  3.8053  4.4168  0.0778  5.3339  4.8097  4.5577  4.5108  4.5270  4.5436
 101  0.765791  3.8069  4.4057  0.0973  5.2780  4.7574  4.5104  4.4661  4.4838  4.5009
 102  0.769081  3.8085  4.3944  0.1167  5.2228  4.7054  4.4635  4.4216  4.4407  4.4583
 103  0.772271  3.8099  4.3829  0.1360  5.1685  4.6540  4.4170  4.3774  4.3979  4.4159
 104  0.775361  3.8114  4.3713  0.1551  5.1149  4.6032  4.3708  4.3335  4.3552  4.3737
 105  0.778356  3.8127  4.3593  0.1741  5.0621  4.5528  4.3250  4.2898  4.3127  4.3316
 106  0.781259  3.8140  4.3471  0.1928  5.0101  4.5030  4.2794  4.2463  4.2703  4.2895
 107  0.784074  3.8151  4.3348  0.2114  4.9589  4.4538  4.2341  4.2029  4.2279  4.2475
 108  0.786805  3.8163  4.3224  0.2299  4.9083  4.4052  4.1892  4.1598  4.1858  4.2056
 109  0.789462  3.8172  4.3097  0.2482  4.8586  4.3569  4.1444  4.1168  4.1437  4.1639
 110  0.792062  3.8183  4.2968  0.2663  4.8095  4.3092  4.0999  4.0739  4.1015  4.1220
 111  0.794593  3.8191  4.2837  0.2844  4.7610  4.2620  4.0557  4.0311  4.0595  4.0802
 112  0.795397  3.8194  4.2794  0.2902  4.7452  4.2465  4.0413  4.0172  4.0458  4.0666
 113  0.796201  3.8197  4.2752  0.2962  4.7292  4.2310  4.0267  4.0032  4.0321  4.0529
 114  0.797004  3.8200  4.2708  0.3021  4.7131  4.2153  4.0121  3.9890  4.0182  4.0391
 115  0.797805  3.8203  4.2664  0.3081  4.6970  4.1996  3.9974  3.9749  4.0042  4.0252
 116  0.798606  3.8206  4.2619  0.3141  4.6807  4.1839  3.9825  3.9605  3.9901  4.0111
 117  0.799404  3.8208  4.2574  0.3202  4.6644  4.1679  3.9676  3.9460  3.9757  3.9969
 118  0.800199  3.8211  4.2526  0.3263  4.6481  4.1519  3.9525  3.9313  3.9613  3.9824
 119  0.800993  3.8213  4.2477  0.3324  4.6317  4.1357  3.9371  3.9164  3.9465  3.9677
 120  0.801782  3.8215  4.2427  0.3387  4.6151  4.1195  3.9217  3.9013  3.9316  3.9529
 121  0.802568  3.8217  4.2376  0.3451  4.5985  4.1031  3.9060  3.8860  3.9164  3.9377
 122  0.803351  3.8219  4.2323  0.3515  4.5818  4.0866  3.8900  3.8704  3.9010  3.9223
 123  0.804132  3.8220  4.2269  0.3580  4.5650  4.0699  3.8740  3.8547  3.8853  3.9068
 124  0.804909  3.8222  4.2213  0.3644  4.5480  4.0531  3.8578  3.8387  3.8695  3.8909
 125  0.805683  3.8223  4.2157  0.3711  4.5308  4.0360  3.8413  3.8226  3.8534  3.8749
 126  0.806452  3.8225  4.2100  0.3778  4.5136  4.0189  3.8248  3.8063  3.8371  3.8586
 127  0.807219  3.8226  4.2041  0.3845  4.4962  4.0015  3.8080  3.7897  3.8207  3.8422
 128  0.807984  3.8227  4.1981  0.3913  4.4787  3.9841  3.7910  3.7730  3.8040  3.8255
 129  0.808746  3.8227  4.1919  0.3981  4.4612  3.9664  3.7738  3.7560  3.7871  3.8086
 130  0.809503  3.8227  4.1856  0.4050  4.4435  3.9488  3.7565  3.7388  3.7698  3.7914
 131  0.810257  3.8228  4.1791  0.4121  4.4256  3.9309  3.7389  3.7214  3.7524  3.7739
 132  0.811007  3.8228  4.1725  0.4191  4.4078  3.9128  3.7211  3.7037  3.7347  3.7562
 133  0.811750  3.8227  4.1656  0.4263  4.3898  3.8948  3.7031  3.6857  3.7166  3.7381
 134  0.812488  3.8227  4.1585  0.4336  4.3718  3.8765  3.6849  3.6674  3.6983  3.7197
 135  0.813220  3.8226  4.1512  0.4408  4.3537  3.8580  3.6664  3.6489  3.6797  3.7011
 136  0.813946  3.8225  4.1437  0.4483  4.3355  3.8396  3.6477  3.6302  3.6608  3.6821
 137  0.814664  3.8223  4.1360  0.4557  4.3173  3.8210  3.6289  3.6112  3.6416  3.6628
 138  0.815374  3.8221  4.1280  0.4632  4.2990  3.8022  3.6098  3.5919  3.6221  3.6432
 139  0.816076  3.8219  4.1198  0.4708  4.2807  3.7834  3.5905  3.5723  3.6022  3.6233
 140  0.816768  3.8216  4.1114  0.4784  4.2624  3.7646  3.5710  3.5525  3.5821  3.6031
 141  0.817452  3.8213  4.1026  0.4862  4.2441  3.7456  3.5513  3.5323  3.5616  3.5824
 142  0.818124  3.8209  4.0936  0.4939  4.2259  3.7266  3.5314  3.5119  3.5408  3.5615
 143  0.818786  3.8204  4.0844  0.5017  4.2078  3.7077  3.5112  3.4912  3.5197  3.5401
 144  0.819437  3.8199  4.0747  0.5096  4.1896  3.6887  3.4909  3.4702  3.4981  3.5185
 145  0.820075  3.8193  4.0648  0.5176  4.1717  3.6696  3.4704  3.4489  3.4763  3.4964
 146  0.820702  3.8186  4.0545  0.5256  4.1539  3.6506  3.4498  3.4273  3.4541  3.4739
 147  0.821315  3.8179  4.0438  0.5336  4.1362  3.6317  3.4288  3.4053  3.4315  3.4511
 148  0.821916  3.8171  4.0327  0.5417  4.1188  3.6128  3.4077  3.3830  3.4084  3.4277
 149  0.822502  3.8161  4.0211  0.5498  4.1016  3.5940  3.3864  3.3603  3.3849  3.4038
 150  0.823074  3.8151  4.0092  0.5581  4.0846  3.5753  3.3647  3.3371  3.3607  3.3794
 151  0.823633  3.8140  3.9967  0.5663  4.0681  3.5567  3.3427  3.3134  3.3360  3.3542
 152  0.824177  3.8127  3.9837  0.5746  4.0518  3.5384  3.3203  3.2891  3.3105  3.3284
 153  0.824704  3.8113  3.9701  0.5828  4.0360  3.5202  3.2977  3.2642  3.2844  3.3020
 154  0.825217  3.8098  3.9558  0.5911  4.0208  3.5024  3.2749  3.2391  3.2579  3.2750
 155  0.825714  3.8081  3.9410  0.5994  4.0063  3.4848  3.2522  3.2138  3.2312  3.2477
 156  0.826197  3.8062  3.9254  0.6078  3.9926  3.4676  3.2297  3.1886  3.2042  3.2202
 157  0.826662  3.8041  3.9090  0.6161  3.9800  3.4509  3.2074  3.1633  3.1769  3.1922
 158  0.827113  3.8018  3.8919  0.6244  3.9684  3.4347  3.1850  3.1377  3.1493  3.1637
 159  0.827546  3.7994  3.8739  0.6327  3.9579  3.4191  3.1626  3.1116  3.1210  3.1344
 160  0.827966  3.7967  3.8551  0.6409  3.9488  3.4042  3.1401  3.0852  3.0920  3.1045
 161  0.828369  3.7935  3.8349  0.6489  3.9424  3.3908  3.1176  3.0582  3.0623  3.0735
 162  0.828713  3.7901  3.8142  0.6560  3.9420  3.3809  3.0976  3.0331  3.0339  3.0439
 163  0.829057  3.7866  3.7932  0.6630  3.9426  3.3715  3.0774  3.0077  3.0052  3.0138
 164  0.829401  3.7829  3.7719  0.6700  3.9443  3.3625  3.0571  2.9819  2.9761  2.9833
 165  0.829747  3.7795  3.7509  0.6770  3.9460  3.3536  3.0366  2.9560  2.9467  2.9525
 166  0.830094  3.7759  3.7299  0.6841  3.9477  3.3449  3.0165  2.9304  2.9177  2.9221
 167  0.830439  3.7717  3.7066  0.6910  3.9535  3.3381  2.9969  2.9046  2.8878  2.8906
 168  0.830782  3.7676  3.6834  0.6979  3.9612  3.3320  2.9769  2.8782  2.8573  2.8585
 169  0.831123  3.7639  3.6614  0.7052  3.9668  3.3240  2.9565  2.8519  2.8273  2.8269
 170  0.831456  3.7604  3.6397  0.7132  3.9695  3.3137  2.9351  2.8253  2.7972  2.7953
 171  0.831770  3.7572  3.6182  0.7220  3.9693  3.3010  2.9120  2.7973  2.7660  2.7627
 172  0.832065  3.7543  3.5971  0.7316  3.9653  3.2854  2.8872  2.7681  2.7338  2.7293
 173  0.832340  3.7518  3.5766  0.7419  3.9574  3.2671  2.8608  2.7379  2.7009  2.6952
 174  0.832595  3.7495  3.5571  0.7530  3.9455  3.2461  2.8329  2.7069  2.6677  2.6610
 175  0.832832  3.7477  3.5382  0.7644  3.9307  3.2232  2.8040  2.6752  2.6340  2.6265
 176  0.833053  3.7460  3.5200  0.7763  3.9132  3.1985  2.7741  2.6430  2.6001  2.5917
 177  0.833263  3.7447  3.5022  0.7884  3.8942  3.1729  2.7437  2.6103  2.5659  2.5569
 178  0.833462  3.7433  3.4850  0.8007  3.8737  3.1464  2.7127  2.5773  2.5315  2.5219
 179  0.833652  3.7422  3.4681  0.8132  3.8517  3.1191  2.6814  2.5441  2.4971  2.4871
 180  0.833837  3.7412  3.4515  0.8257  3.8288  3.0914  2.6499  2.5110  2.4628  2.4523
 181  0.834015  3.7403  3.4352  0.8384  3.8049  3.0630  2.6182  2.4778  2.4286  2.4176
 182  0.834199  3.7395  3.4188  0.8516  3.7790  3.0330  2.5852  2.4433  2.3932  2.3818
 183  0.834380  3.7386  3.4022  0.8651  3.7520  3.0022  2.5515  2.4083  2.3573  2.3456
 184  0.834560  3.7379  3.3855  0.8788  3.7240  2.9706  2.5172  2.3729  2.3210  2.3089
 185  0.834740  3.7371  3.3688  0.8928  3.6952  2.9382  2.4825  2.3369  2.2843  2.2719
 186  0.834917  3.7365  3.3520  0.9070  3.6655  2.9053  2.4473  2.3007  2.2473  2.2345
 187  0.835095  3.7359  3.3353  0.9213  3.6350  2.8717  2.4117  2.2641  2.2100  2.1969
 188  0.835271  3.7352  3.3184  0.9357  3.6039  2.8377  2.3756  2.2271  2.1723  2.1589
 189  0.835446  3.7347  3.3015  0.9503  3.5721  2.8031  2.3391  2.1898  2.1343  2.1206
 190  0.835620  3.7341  3.2846  0.9652  3.5397  2.7680  2.3023  2.1520  2.0959  2.0820
 191  0.835793  3.7336  3.2675  0.9802  3.5066  2.7324  2.2649  2.1139  2.0571  2.0429
 192  0.835965  3.7331  3.2502  0.9954  3.4731  2.6963  2.2271  2.0752  2.0179  2.0034
 193  0.836136  3.7325  3.2328  1.0107  3.4390  2.6597  2.1889  2.0362  1.9783  1.9636
 194  0.836305  3.7319  3.2154  1.0263  3.4046  2.6228  2.1502  1.9967  1.9383  1.9232
 195  0.836473  3.7315  3.1977  1.0420  3.3696  2.5853  2.1113  1.9570  1.8979  1.8826
 196  0.836640  3.7310  3.1799  1.0580  3.3340  2.5473  2.0717  1.9167  1.8571  1.8415
 197  0.836805  3.7305  3.1618  1.0741  3.2975  2.5085  2.0313  1.8756  1.8155  1.7996
 198  0.836966  3.7300  3.1433  1.0909  3.2598  2.4684  1.9897  1.8333  1.7725  1.7564
 199  0.837122  3.7295  3.1242  1.1080  3.2211  2.4273  1.9470  1.7898  1.7285  1.7121
 200  0.837276  3.7290  3.1047  1.1256  3.1815  2.3852  1.9033  1.7453  1.6834  1.6668
 201  0.837426  3.7285  3.0847  1.1436  3.1412  2.3423  1.8587  1.6999  1.6375  1.6205
 202  0.837573  3.7280  3.0646  1.1618  3.1001  2.2986  1.8134  1.6538  1.5908  1.5736
 203  0.837717  3.7275  3.0441  1.1803  3.0582  2.2541  1.7673  1.6070  1.5433  1.5258
 204  0.837858  3.7270  3.0232  1.1992  3.0156  2.2089  1.7205  1.5594  1.4950  1.4773
 205  0.837996  3.7264  3.0021  1.2184  2.9725  2.1630  1.6729  1.5110  1.4460  1.4281
 206  0.838131  3.7259  2.9804  1.2377  2.9293  2.1167  1.6248  1.4620  1.3963  1.3780
 207  0.838263  3.7252  2.9583  1.2574  2.8857  2.0699  1.5759  1.4121  1.3458  1.3271
 208  0.838391  3.7246  2.9359  1.2773  2.8417  2.0225  1.5265  1.3617  1.2946  1.2757
 209  0.838517  3.7239  2.9131  1.2974  2.7979  1.9750  1.4765  1.3107  1.2428  1.2234
 210  0.838640  3.7232  2.8900  1.3179  2.7532  1.9267  1.4259  1.2590  1.1903  1.1706
 211  0.838759  3.7226  2.8667  1.3384  2.7081  1.8778  1.3747  1.2067  1.1372  1.1172
 212  0.838875  3.7218  2.8431  1.3593  2.6629  1.8287  1.3231  1.1540  1.0836  1.0632
 213  0.838988  3.7211  2.8192  1.3803  2.6171  1.7790  1.2709  1.1006  1.0294  1.0085
 214  0.839098  3.7204  2.7950  1.4016  2.5712  1.7290  1.2182  1.0467  0.9746  0.9534
 215  0.839205  3.7196  2.7705  1.4231  2.5251  1.6786  1.1651  0.9923  0.9193  0.8977
 216  0.839309  3.7188  2.7457  1.4448  2.4791  1.6280  1.1116  0.9374  0.8634  0.8413
 217  0.839329  3.7186  2.7406  1.4492  2.4697  1.6177  1.1007  0.9262  0.8521  0.8299
 218  0.839349  3.7185  2.7356  1.4536  2.4602  1.6072  1.0896  0.9151  0.8407  0.8184
 219  0.839370  3.7183  2.7306  1.4580  2.4504  1.5968  1.0787  0.9038  0.8292  0.8070
 220  0.839390  3.7182  2.7256  1.4625  2.4405  1.5861  1.0676  0.8925  0.8178  0.7954
 221  0.839410  3.7181  2.7205  1.4670  2.4309  1.5757  1.0565  0.8811  0.8062  0.7838
 222  0.839431  3.7179  2.7155  1.4715  2.4210  1.5649  1.0454  0.8697  0.7947  0.7721
 223  0.839450  3.7177  2.7103  1.4760  2.4111  1.5543  1.0341  0.8583  0.7831  0.7605
 224  0.839471  3.7176  2.7051  1.4805  2.4015  1.5436  1.0229  0.8468  0.7714  0.7487
 225  0.839490  3.7174  2.7000  1.4851  2.3918  1.5330  1.0117  0.8353  0.7597  0.7369
 226  0.839510  3.7172  2.6948  1.4897  2.3820  1.5223  1.0004  0.8237  0.7479  0.7250
 227  0.839690  3.7156  2.6451  1.5329  2.2910  1.4215  0.8936  0.7142  0.6363  0.6126
 228  0.839857  3.7140  2.5944  1.5770  2.1985  1.3189  0.7848  0.6025  0.5227  0.4981
 229  0.840010  3.7123  2.5442  1.6208  2.1070  1.2172  0.6769  0.4918  0.4100  0.3844
 230  0.840159  3.7105  2.4909  1.6667  2.0136  1.1117  0.5639  0.3755  0.2914  0.2648
 231  0.840292  3.7086  2.4386  1.7118  1.9227  1.0081  0.4529  0.2613  0.1748  0.1474
 232  0.840414  3.7066  2.3849  1.7575  1.8334  0.9044  0.3408  0.1455  0.0566  0.0280
 233  0.840525  3.7044  2.3291  1.8048  1.7439  0.7983  0.2256  0.0262 -0.0655 -0.0953
 234  0.840625  3.7024  2.2749  1.8504  1.6580  0.6958  0.1139 -0.0894 -0.1838 -0.2148
 235  0.840716  3.7004  2.2257  1.8922  1.5791  0.6021  0.0121 -0.1948 -0.2916 -0.3236
 236  0.840800  3.6986  2.1786  1.9320  1.5045  0.5129 -0.0851 -0.2954 -0.3946 -0.4277
 237  0.840877  3.6969  2.1333  1.9703  1.4332  0.4275 -0.1784 -0.3920 -0.4935 -0.5276
 238  0.840950  3.6956  2.0980  2.0005  1.3748  0.3590 -0.2525 -0.4685 -0.5717 -0.6066
 239  0.841019  3.6954  2.0830  2.0144  1.3415  0.3252 -0.2875 -0.5040 -0.6074 -0.6424
 240  0.841088  3.6939  2.0440  2.0477  1.2776  0.2508 -0.3684 -0.5877 -0.6931 -0.7289
 241  0.841153  3.6917  1.9917  2.0913  1.1998  0.1556 -0.4739 -0.6975 -0.8059 -0.8428
 242  0.841214  3.6896  1.9434  2.1311  1.1321  0.0703 -0.5694 -0.7972 -0.9086 -0.9467
 243  0.841268  3.6879  1.9052  2.1626  1.0800  0.0030 -0.6446 -0.8760 -0.9897 -1.0289
 244  0.841320  3.6872  1.8900  2.1752  1.0611 -0.0236 -0.6742 -0.9068 -1.0215 -1.0611
 245  0.841373  3.6857  1.8547  2.2044  1.0142 -0.0856 -0.7438 -0.9796 -1.0967 -1.1371
 246  0.841422  3.6832  1.7990  2.2502  0.9409 -0.1820 -0.8531 -1.0944 -1.2149 -1.2568
 247  0.841466  3.6807  1.7447  2.2947  0.8736 -0.2750 -0.9596 -1.2063 -1.3303 -1.3736
 248  0.841507  3.6783  1.6915  2.3383  0.8096 -0.3656 -1.0637 -1.3157 -1.4430 -1.4878
 249  0.841544  3.6759  1.6377  2.3823  0.7466 -0.4565 -1.1685 -1.4260 -1.5568 -1.6031
 250  0.841576  3.6735  1.5858  2.4247  0.6877 -0.5436 -1.2691 -1.5319 -1.6662 -1.7139
 251  0.841606  3.6712  1.5364  2.4649  0.6345 -0.6248 -1.3636 -1.6317 -1.7693 -1.8186
 252  0.841633  3.6690  1.4885  2.5038  0.5854 -0.7023 -1.4545 -1.7279 -1.8689 -1.9196
 253  0.841658  3.6667  1.4413  2.5419  0.5390 -0.7777 -1.5434 -1.8223 -1.9667 -2.0190
 254  0.841681  3.6643  1.3946  2.5792  0.4971 -0.8497 -1.6297 -1.9141 -2.0621 -2.1159
 255  0.841702  3.6621  1.3489  2.6158  0.4580 -0.9195 -1.7138 -2.0039 -2.1555 -2.2108
 256  0.841721  3.6597  1.3040  2.6515  0.4220 -0.9867 -1.7956 -2.0913 -2.2467 -2.3035
 257  0.841738  3.6575  1.2600  2.6865  0.3891 -1.0515 -1.8751 -2.1766 -2.3356 -2.3939
 258  0.841755  3.6552  1.2165  2.7209  0.3585 -1.1146 -1.9532 -2.2605 -2.4230 -2.4829
 259  0.841770  3.6530  1.1742  2.7543  0.3311 -1.1746 -2.0284 -2.3414 -2.5077 -2.5691
 260  0.841785  3.6508  1.1324  2.7873  0.3058 -1.2331 -2.1023 -2.4212 -2.5911 -2.6542
 261  0.841798  3.6486  1.0916  2.8194  0.2833 -1.2890 -2.1738 -2.4984 -2.6721 -2.7367
 262  0.841810  3.6464  1.0513  2.8508  0.2639 -1.3426 -2.2434 -2.5741 -2.7514 -2.8177
 263  0.841821  3.6442  1.0118  2.8816  0.2471 -1.3939 -2.3111 -2.6478 -2.8289 -2.8967
 264  0.841832  3.6420  0.9731  2.9117  0.2325 -1.4431 -2.3768 -2.7194 -2.9044 -2.9737
 265  0.841841  3.6399  0.9349  2.9413  0.2205 -1.4904 -2.4411 -2.7898 -2.9786 -3.0495
 266  0.841850  3.6377  0.8973  2.9701  0.2120 -1.5348 -2.5032 -2.8580 -3.0505 -3.1231
 267  0.841860  3.6356  0.8603  2.9984  0.2052 -1.5777 -2.5638 -2.9248 -3.1212 -3.1953
 268  0.841867  3.6334  0.8240  3.0262  0.1998 -1.6189 -2.6231 -2.9901 -3.1903 -3.2661
 269  0.841876  3.6313  0.7883  3.0535  0.1953 -1.6588 -2.6809 -3.0540 -3.2580 -3.3354
 270  0.841882  3.6293  0.7534  3.0801  0.1920 -1.6969 -2.7370 -3.1161 -3.3239 -3.4028
 271  0.841889  3.6272  0.7193  3.1062  0.1894 -1.7338 -2.7918 -3.1768 -3.3883 -3.4686
 272  0.841895  3.6253  0.6859  3.1317  0.1876 -1.7694 -2.8454 -3.2360 -3.4512 -3.5331
 273  0.841902  3.6234  0.6533  3.1567  0.1863 -1.8036 -2.8974 -3.2938 -3.5125 -3.5959
 274  0.841907  3.6215  0.6213  3.1812  0.1856 -1.8365 -2.9482 -3.3501 -3.5725 -3.6572
 275  0.841913  3.6197  0.5902  3.2051  0.1853 -1.8685 -2.9980 -3.4052 -3.6310 -3.7171
 276  0.841917  3.6179  0.5598  3.2284  0.1873 -1.8977 -3.0461 -3.4582 -3.6874 -3.7750
 277  0.841922  3.6162  0.5304  3.2509  0.1898 -1.9253 -3.0925 -3.5094 -3.7419 -3.8309
 278  0.841927  3.6146  0.5027  3.2723  0.1920 -1.9512 -3.1365 -3.5579 -3.7935 -3.8838
