#NUMBER OF AGES= 1 MAGS= 6
#----------------------------------------------------       
#MIX-LEN  Y      Z          Zeff        [Fe/H] [a/Fe]
# 1.9380  0.2550 6.2105E-03 3.1612E-03  -0.72   0.40 
#----------------------------------------------------       
#**PHOTOMETRIC SYSTEM**: DECam (AB)
#----------------------------------------------------       
#AGE=11.200 EEPS=268
#EEP   M/Mo    LogTeff  LogG   LogL/Lo DECam_u DECam_g DECam_r DECam_i DECam_z DECam_Y
  12  0.109841  3.5136  5.2976 -2.8112 16.3136 14.3770 12.9661 11.6884 11.1981 11.0605
  13  0.126902  3.5146  5.2268 -2.6735 15.9292 14.0087 12.6039 11.3436 10.8556 10.7171
  14  0.148566  3.5164  5.1580 -2.5290 15.5195 13.6125 12.2148 10.9795 10.4962 10.3575
  15  0.173533  3.5205  5.1076 -2.3952 15.1157 13.2129 11.8255 10.6350 10.1638 10.0265
  16  0.194520  3.5247  5.0764 -2.2973 14.8066 12.9036 11.5258 10.3799  9.9215  9.7864
  17  0.210830  3.5278  5.0536 -2.2272 14.5852 12.6826 11.3115 10.1972  9.7481  9.6148
  18  0.225194  3.5305  5.0349 -2.1693 14.4020 12.5000 11.1348 10.0466  9.6052  9.4735
  19  0.238822  3.5329  5.0186 -2.1177 14.2377 12.3364 10.9766  9.9122  9.4780  9.3477
  20  0.253329  3.5354  5.0030 -2.0667 14.0758 12.1749 10.8207  9.7793  9.3522  9.2234
  21  0.268546  3.5378  4.9881 -2.0167 13.9176 12.0170 10.6683  9.6495  9.2292  9.1020
  22  0.283362  3.5403  4.9744 -1.9701 13.7699 11.8699 10.5265  9.5287  9.1149  8.9892
  23  0.295627  3.5421  4.9631 -1.9326 13.6516 11.7521 10.4128  9.4316  9.0230  8.8986
  24  0.305168  3.5435  4.9543 -1.9041 13.5622 11.6632 10.3268  9.3581  8.9535  8.8300
  25  0.312016  3.5446  4.9482 -1.8841 13.4997 11.6008 10.2663  9.3066  8.9048  8.7820
  26  0.317133  3.5454  4.9434 -1.8692 13.4532 11.5542 10.2213  9.2682  8.8685  8.7461
  27  0.321027  3.5460  4.9396 -1.8577 13.4176 11.5188 10.1870  9.2387  8.8406  8.7185
  28  0.324338  3.5465  4.9366 -1.8482 13.3875 11.4886 10.1579  9.2140  8.8173  8.6956
  29  0.327476  3.5471  4.9338 -1.8392 13.3589 11.4599 10.1303  9.1907  8.7953  8.6740
  30  0.331017  3.5476  4.9305 -1.8290 13.3269 11.4278 10.0994  9.1643  8.7705  8.6496
  31  0.335131  3.5482  4.9273 -1.8177 13.2911 11.3917 10.0647  9.1350  8.7431  8.6226
  32  0.340630  3.5491  4.9230 -1.8028 13.2440 11.3443 10.0192  9.0965  8.7068  8.5869
  33  0.370401  3.5551  4.8961 -1.7175 12.9710 11.0626  9.7505  8.8734  8.5004  8.3849
  34  0.402275  3.5622  4.8646 -1.6215 12.6605 10.7437  9.4444  8.6239  8.2704  8.1601
  35  0.430929  3.5694  4.8316 -1.5282 12.3511 10.4349  9.1480  8.3849  8.0503  7.9443
  36  0.443345  3.5731  4.8166 -1.4859 12.2120 10.2903  9.0081  8.2759  7.9517  7.8481
  37  0.452659  3.5761  4.8048 -1.4534 12.1060 10.1781  8.8982  8.1922  7.8765  7.7749
  38  0.462507  3.5793  4.7924 -1.4189 11.9909 10.0591  8.7836  8.1034  7.7964  7.6968
  39  0.473317  3.5829  4.7790 -1.3807 11.8617  9.9267  8.6579  8.0053  7.7081  7.6108
  40  0.484578  3.5870  4.7651 -1.3403 11.7228  9.7849  8.5247  7.9013  7.6147  7.5199
  41  0.495883  3.5913  4.7513 -1.2991 11.5792  9.6386  8.3893  7.7951  7.5195  7.4273
  42  0.507074  3.5959  4.7382 -1.2581 11.4351  9.4913  8.2551  7.6893  7.4249  7.3352
  43  0.518145  3.6006  4.7259 -1.2176 11.2921  9.3440  8.1221  7.5847  7.3315  7.2446
  44  0.529141  3.6055  4.7141 -1.1771 11.1484  9.1949  7.9889  7.4803  7.2387  7.1544
  45  0.540105  3.6107  4.7030 -1.1362 11.0015  9.0418  7.8542  7.3747  7.1451  7.0637
  46  0.551216  3.6164  4.6924 -1.0943 10.8483  8.8813  7.7165  7.2663  7.0493  6.9707
  47  0.562626  3.6225  4.6823 -1.0507 10.6842  8.7109  7.5741  7.1541  6.9502  6.8745
  48  0.574489  3.6293  4.6728 -1.0052 10.5037  8.5287  7.4260  7.0369  6.8468  6.7743
  49  0.586469  3.6366  4.6645 -0.9587 10.3036  8.3367  7.2748  6.9172  6.7413  6.6723
  50  0.598165  3.6443  4.6576 -0.9128 10.0852  8.1411  7.1256  6.7986  6.6368  6.5716
  51  0.609470  3.6519  4.6518 -0.8683  9.8549  7.9487  6.9826  6.6830  6.5341  6.4730
  52  0.615037  3.6556  4.6489 -0.8463  9.7350  7.8541  6.9135  6.6258  6.4827  6.4238
  53  0.620553  3.6594  4.6460 -0.8246  9.6141  7.7616  6.8462  6.5692  6.4317  6.3748
  54  0.625993  3.6630  4.6431 -0.8033  9.4933  7.6713  6.7806  6.5135  6.3812  6.3264
  55  0.631365  3.6666  4.6400 -0.7822  9.3728  7.5832  6.7166  6.4586  6.3312  6.2785
  56  0.636675  3.6701  4.6369 -0.7615  9.2530  7.4971  6.6542  6.4045  6.2818  6.2312
  57  0.641926  3.6735  4.6338 -0.7409  9.1329  7.4131  6.5932  6.3513  6.2333  6.1847
  58  0.647132  3.6770  4.6306 -0.7206  9.0137  7.3311  6.5337  6.2990  6.1854  6.1387
  59  0.652309  3.6803  4.6273 -0.7004  8.8954  7.2509  6.4753  6.2473  6.1380  6.0935
  60  0.657459  3.6836  4.6239 -0.6805  8.7794  7.1727  6.4179  6.1963  6.0913  6.0486
  61  0.662593  3.6868  4.6204 -0.6607  8.6666  7.0965  6.3617  6.1460  6.0450  6.0043
  62  0.667708  3.6900  4.6168 -0.6411  8.5589  7.0224  6.3062  6.0964  5.9993  5.9605
  63  0.672816  3.6931  4.6130 -0.6217  8.4565  6.9504  6.2515  6.0473  5.9541  5.9170
  64  0.677917  3.6961  4.6092 -0.6025  8.3595  6.8805  6.1975  5.9990  5.9095  5.8740
  65  0.682982  3.6990  4.6052 -0.5835  8.2657  6.8124  6.1446  5.9514  5.8656  5.8318
  66  0.687999  3.7020  4.6011 -0.5647  8.1748  6.7462  6.0927  5.9047  5.8224  5.7902
  67  0.692954  3.7047  4.5971 -0.5462  8.0862  6.6817  6.0418  5.8587  5.7799  5.7492
  68  0.697821  3.7075  4.5929 -0.5280  7.9989  6.6190  5.9921  5.8138  5.7383  5.7091
  69  0.702590  3.7101  4.5886 -0.5100  7.9131  6.5579  5.9436  5.7698  5.6975  5.6698
  70  0.707246  3.7128  4.5842 -0.4924  7.8283  6.4985  5.8963  5.7269  5.6576  5.6313
  71  0.711784  3.7153  4.5798 -0.4751  7.7458  6.4409  5.8501  5.6849  5.6186  5.5937
  72  0.716196  3.7178  4.5753 -0.4582  7.6655  6.3849  5.8052  5.6439  5.5804  5.5568
  73  0.720484  3.7202  4.5707 -0.4415  7.5873  6.3304  5.7612  5.6038  5.5431  5.5207
  74  0.724649  3.7224  4.5661 -0.4252  7.5116  6.2776  5.7183  5.5646  5.5065  5.4854
  75  0.728706  3.7246  4.5613 -0.4091  7.4384  6.2261  5.6765  5.5262  5.4707  5.4507
  76  0.732658  3.7267  4.5564 -0.3934  7.3675  6.1761  5.6356  5.4887  5.4356  5.4167
  77  0.736526  3.7288  4.5514 -0.3778  7.2988  6.1273  5.5955  5.4518  5.4011  5.3833
  78  0.740315  3.7308  4.5465 -0.3625  7.2319  6.0796  5.5562  5.4157  5.3671  5.3503
  79  0.744038  3.7328  4.5414 -0.3474  7.1668  6.0331  5.5177  5.3802  5.3338  5.3179
  80  0.747700  3.7346  4.5362 -0.3326  7.1035  5.9876  5.4798  5.3452  5.3009  5.2860
  81  0.751314  3.7365  4.5309 -0.3180  7.0419  5.9430  5.4426  5.3107  5.2683  5.2544
  82  0.755662  3.7386  4.5244 -0.3004  6.9688  5.8900  5.3980  5.2693  5.2292  5.2164
  83  0.759982  3.7407  4.5178 -0.2830  6.8975  5.8378  5.3538  5.2282  5.1903  5.1785
  84  0.764281  3.7427  4.5109 -0.2656  6.8280  5.7865  5.3100  5.1874  5.1516  5.1409
  85  0.768557  3.7446  4.5040 -0.2484  6.7600  5.7359  5.2668  5.1468  5.1130  5.1033
  86  0.772809  3.7466  4.4967 -0.2313  6.6936  5.6862  5.2240  5.1067  5.0748  5.0660
  87  0.777026  3.7483  4.4894 -0.2143  6.6285  5.6371  5.1816  5.0668  5.0369  5.0290
  88  0.781201  3.7501  4.4819 -0.1975  6.5649  5.5889  5.1397  5.0274  4.9991  4.9922
  89  0.785319  3.7518  4.4743 -0.1810  6.5029  5.5414  5.0983  4.9884  4.9618  4.9557
  90  0.789370  3.7534  4.4665 -0.1644  6.4423  5.4947  5.0576  4.9499  4.9249  4.9196
  91  0.793344  3.7548  4.4585 -0.1482  6.3831  5.4488  5.0174  4.9119  4.8884  4.8839
  92  0.797234  3.7564  4.4504 -0.1321  6.3253  5.4036  4.9779  4.8744  4.8523  4.8485
  93  0.801037  3.7577  4.4421 -0.1162  6.2688  5.3592  4.9388  4.8374  4.8167  4.8136
  94  0.804747  3.7591  4.4337 -0.1006  6.2140  5.3155  4.9004  4.8008  4.7814  4.7789
  95  0.808364  3.7604  4.4252 -0.0851  6.1606  5.2728  4.8623  4.7646  4.7465  4.7446
  96  0.811884  3.7615  4.4166 -0.0698  6.1086  5.2307  4.8249  4.7289  4.7119  4.7107
  97  0.815306  3.7626  4.4079 -0.0548  6.0579  5.1893  4.7881  4.6937  4.6778  4.6770
  98  0.818637  3.7637  4.3992 -0.0399  6.0085  5.1487  4.7516  4.6588  4.6440  4.6436
  99  0.821885  3.7648  4.3904 -0.0253  5.9603  5.1087  4.7156  4.6243  4.6105  4.6106
 100  0.825050  3.7658  4.3814 -0.0107  5.9133  5.0694  4.6801  4.5902  4.5773  4.5778
 101  0.828143  3.7667  4.3725  0.0035  5.8673  5.0308  4.6449  4.5564  4.5444  4.5454
 102  0.831172  3.7676  4.3635  0.0177  5.8227  4.9927  4.6102  4.5228  4.5116  4.5130
 103  0.834142  3.7684  4.3544  0.0316  5.7788  4.9551  4.5757  4.4897  4.4792  4.4810
 104  0.837061  3.7693  4.3454  0.0455  5.7361  4.9180  4.5416  4.4568  4.4470  4.4492
 105  0.839937  3.7700  4.3363  0.0592  5.6943  4.8816  4.5079  4.4241  4.4151  4.4176
 106  0.842776  3.7707  4.3270  0.0727  5.6533  4.8456  4.4746  4.3919  4.3835  4.3863
 107  0.845593  3.7714  4.3178  0.0861  5.6132  4.8102  4.4416  4.3598  4.3521  4.3552
 108  0.848389  3.7720  4.3087  0.0992  5.5740  4.7752  4.4089  4.3281  4.3210  4.3244
 109  0.851164  3.7726  4.2994  0.1123  5.5357  4.7409  4.3767  4.2967  4.2901  4.2937
 110  0.853836  3.7732  4.2903  0.1251  5.4980  4.7070  4.3449  4.2657  4.2596  4.2635
 111  0.856372  3.7738  4.2813  0.1378  5.4606  4.6735  4.3137  4.2355  4.2298  4.2340
 112  0.857412  3.7740  4.2775  0.1430  5.4452  4.6597  4.3006  4.2228  4.2174  4.2216
 113  0.858451  3.7742  4.2736  0.1484  5.4299  4.6458  4.2875  4.2100  4.2048  4.2091
 114  0.859486  3.7745  4.2696  0.1537  5.4146  4.6318  4.2743  4.1971  4.1920  4.1964
 115  0.860517  3.7747  4.2655  0.1591  5.3993  4.6178  4.2609  4.1840  4.1791  4.1836
 116  0.861544  3.7748  4.2612  0.1646  5.3840  4.6036  4.2474  4.1708  4.1660  4.1706
 117  0.862568  3.7750  4.2569  0.1701  5.3687  4.5894  4.2339  4.1574  4.1528  4.1574
 118  0.863589  3.7752  4.2525  0.1756  5.3534  4.5752  4.2202  4.1439  4.1394  4.1441
 119  0.864607  3.7753  4.2480  0.1811  5.3381  4.5608  4.2064  4.1303  4.1259  4.1307
 120  0.865621  3.7754  4.2434  0.1868  5.3228  4.5464  4.1926  4.1167  4.1124  4.1171
 121  0.866635  3.7755  4.2387  0.1924  5.3075  4.5320  4.1786  4.1029  4.0986  4.1035
 122  0.867637  3.7757  4.2340  0.1981  5.2921  4.5174  4.1645  4.0889  4.0848  4.0897
 123  0.868634  3.7758  4.2293  0.2038  5.2765  4.5027  4.1502  4.0749  4.0709  4.0758
 124  0.869631  3.7759  4.2245  0.2096  5.2609  4.4880  4.1359  4.0607  4.0568  4.0618
 125  0.870627  3.7760  4.2196  0.2154  5.2454  4.4733  4.1217  4.0466  4.0427  4.0478
 126  0.871623  3.7761  4.2147  0.2212  5.2299  4.4586  4.1073  4.0324  4.0286  4.0336
 127  0.872616  3.7762  4.2097  0.2269  5.2145  4.4438  4.0928  4.0181  4.0143  4.0193
 128  0.873606  3.7762  4.2046  0.2328  5.1992  4.4289  4.0783  4.0037  3.9999  4.0050
 129  0.874593  3.7763  4.1994  0.2387  5.1839  4.4141  4.0637  3.9891  3.9854  3.9905
 130  0.875579  3.7763  4.1940  0.2445  5.1687  4.3994  4.0491  3.9745  3.9708  3.9759
 131  0.876559  3.7763  4.1886  0.2505  5.1537  4.3845  4.0343  3.9598  3.9560  3.9611
 132  0.877536  3.7763  4.1830  0.2564  5.1388  4.3697  4.0195  3.9449  3.9411  3.9462
 133  0.878507  3.7762  4.1773  0.2624  5.1239  4.3548  4.0046  3.9299  3.9261  3.9312
 134  0.879473  3.7761  4.1715  0.2684  5.1092  4.3400  3.9897  3.9149  3.9109  3.9160
 135  0.880435  3.7760  4.1656  0.2744  5.0946  4.3252  3.9746  3.8997  3.8957  3.9007
 136  0.881390  3.7759  4.1596  0.2805  5.0801  4.3104  3.9594  3.8844  3.8802  3.8852
 137  0.882341  3.7758  4.1534  0.2865  5.0657  4.2955  3.9442  3.8690  3.8646  3.8696
 138  0.883286  3.7756  4.1470  0.2927  5.0515  4.2807  3.9289  3.8534  3.8489  3.8538
 139  0.884225  3.7754  4.1405  0.2988  5.0374  4.2659  3.9136  3.8378  3.8330  3.8378
 140  0.885158  3.7752  4.1339  0.3050  5.0235  4.2511  3.8981  3.8220  3.8170  3.8217
 141  0.886086  3.7749  4.1271  0.3111  5.0099  4.2363  3.8826  3.8061  3.8009  3.8054
 142  0.887008  3.7746  4.1201  0.3174  4.9964  4.2216  3.8670  3.7900  3.7845  3.7889
 143  0.887923  3.7742  4.1129  0.3236  4.9833  4.2070  3.8513  3.7739  3.7679  3.7722
 144  0.888833  3.7738  4.1055  0.3298  4.9705  4.1925  3.8356  3.7575  3.7512  3.7553
 145  0.889738  3.7733  4.0979  0.3361  4.9579  4.1780  3.8198  3.7411  3.7343  3.7383
 146  0.890637  3.7729  4.0901  0.3424  4.9457  4.1637  3.8039  3.7246  3.7173  3.7210
 147  0.891531  3.7723  4.0820  0.3487  4.9341  4.1494  3.7880  3.7078  3.7000  3.7036
 148  0.892419  3.7717  4.0736  0.3550  4.9232  4.1355  3.7720  3.6910  3.6825  3.6857
 149  0.893304  3.7710  4.0649  0.3613  4.9129  4.1217  3.7560  3.6739  3.6648  3.6677
 150  0.894186  3.7702  4.0559  0.3676  4.9032  4.1082  3.7400  3.6568  3.6469  3.6494
 151  0.895064  3.7693  4.0464  0.3739  4.8946  4.0950  3.7239  3.6394  3.6286  3.6308
 152  0.895940  3.7683  4.0366  0.3802  4.8867  4.0820  3.7078  3.6219  3.6101  3.6119
 153  0.896816  3.7672  4.0265  0.3866  4.8801  4.0695  3.6917  3.6041  3.5914  3.5927
 154  0.897695  3.7662  4.0163  0.3928  4.8741  4.0570  3.6755  3.5865  3.5726  3.5734
 155  0.898577  3.7649  4.0053  0.3991  4.8705  4.0453  3.6594  3.5685  3.5533  3.5535
 156  0.899468  3.7635  3.9937  0.4053  4.8688  4.0343  3.6435  3.5504  3.5338  3.5333
 157  0.900372  3.7617  3.9813  0.4113  4.8702  4.0245  3.6276  3.5322  3.5139  3.5126
 158  0.901292  3.7598  3.9679  0.4172  4.8757  4.0163  3.6123  3.5138  3.4935  3.4913
 159  0.902235  3.7574  3.9531  0.4228  4.8864  4.0102  3.5975  3.4956  3.4729  3.4694
 160  0.903197  3.7545  3.9369  0.4281  4.9044  4.0072  3.5840  3.4778  3.4521  3.4474
 161  0.904158  3.7511  3.9191  0.4326  4.9314  4.0086  3.5726  3.4612  3.4319  3.4255
 162  0.904962  3.7475  3.9027  0.4351  4.9644  4.0154  3.5664  3.4496  3.4167  3.4086
 163  0.905762  3.7435  3.8842  0.4380  5.0033  4.0240  3.5600  3.4371  3.4000  3.3899
 164  0.906559  3.7390  3.8634  0.4411  5.0480  4.0345  3.5538  3.4239  3.3819  3.3697
 165  0.907350  3.7341  3.8397  0.4455  5.0955  4.0443  3.5452  3.4077  3.3604  3.3457
 166  0.908118  3.7292  3.8136  0.4526  5.1382  4.0483  3.5309  3.3856  3.3329  3.3157
 167  0.908840  3.7248  3.7861  0.4629  5.1681  4.0430  3.5088  3.3564  3.2987  3.2792
 168  0.909496  3.7212  3.7587  0.4761  5.1820  4.0275  3.4792  3.3210  3.2590  3.2377
 169  0.910088  3.7184  3.7323  0.4914  5.1816  4.0036  3.4442  3.2813  3.2160  3.1931
 170  0.910627  3.7161  3.7070  0.5079  5.1701  3.9737  3.4056  3.2389  3.1710  3.1470
 171  0.911127  3.7143  3.6829  0.5252  5.1507  3.9397  3.3646  3.1949  3.1248  3.0999
 172  0.911598  3.7129  3.6595  0.5430  5.1253  3.9027  3.3221  3.1500  3.0781  3.0524
 173  0.912047  3.7117  3.6369  0.5612  5.0957  3.8637  3.2785  3.1043  3.0311  3.0047
 174  0.912479  3.7107  3.6147  0.5796  5.0629  3.8232  3.2341  3.0582  2.9837  2.9569
 175  0.912897  3.7098  3.5930  0.5980  5.0275  3.7815  3.1892  3.0118  2.9362  2.9089
 176  0.913304  3.7091  3.5717  0.6166  4.9904  3.7390  3.1439  2.9653  2.8887  2.8610
 177  0.913703  3.7085  3.5507  0.6354  4.9516  3.6958  3.0983  2.9185  2.8411  2.8131
 178  0.914094  3.7080  3.5298  0.6541  4.9118  3.6521  3.0525  2.8716  2.7935  2.7652
 179  0.914480  3.7074  3.5091  0.6729  4.8714  3.6081  3.0064  2.8248  2.7459  2.7173
 180  0.914862  3.7069  3.4885  0.6916  4.8303  3.5638  2.9605  2.7778  2.6983  2.6695
 181  0.915241  3.7064  3.4680  0.7105  4.7890  3.5194  2.9144  2.7308  2.6507  2.6216
 182  0.915519  3.7061  3.4526  0.7245  4.7580  3.4862  2.8799  2.6957  2.6152  2.5860
 183  0.915795  3.7057  3.4371  0.7387  4.7265  3.4526  2.8450  2.6602  2.5791  2.5497
 184  0.916072  3.7054  3.4214  0.7531  4.6946  3.4184  2.8095  2.6240  2.5425  2.5129
 185  0.916349  3.7051  3.4057  0.7676  4.6620  3.3840  2.7739  2.5878  2.5059  2.4760
 186  0.916626  3.7047  3.3900  0.7823  4.6288  3.3490  2.7379  2.5512  2.4688  2.4389
 187  0.916903  3.7044  3.3738  0.7973  4.5952  3.3137  2.7013  2.5139  2.4312  2.4010
 188  0.917178  3.7040  3.3573  0.8125  4.5611  3.2777  2.6639  2.4759  2.3926  2.3623
 189  0.917452  3.7037  3.3403  0.8282  4.5257  3.2403  2.6253  2.4366  2.3528  2.3224
 190  0.917724  3.7034  3.3229  0.8443  4.4891  3.2019  2.5856  2.3963  2.3121  2.2815
 191  0.917993  3.7029  3.3044  0.8615  4.4507  3.1613  2.5436  2.3535  2.2687  2.2379
 192  0.918256  3.7026  3.2848  0.8795  4.4107  3.1188  2.4995  2.3086  2.2233  2.1922
 193  0.918512  3.7021  3.2638  0.8988  4.3678  3.0730  2.4521  2.2603  2.1743  2.1430
 194  0.918763  3.7016  3.2418  0.9189  4.3234  3.0256  2.4027  2.2099  2.1234  2.0918
 195  0.919006  3.7011  3.2185  0.9401  4.2770  2.9757  2.3508  2.1570  2.0696  2.0379
 196  0.919243  3.7005  3.1941  0.9624  4.2286  2.9235  2.2963  2.1014  2.0134  1.9813
 197  0.919476  3.6999  3.1689  0.9852  4.1795  2.8702  2.2406  2.0444  1.9555  1.9231
 198  0.919703  3.6992  3.1429  1.0086  4.1293  2.8154  2.1832  1.9858  1.8960  1.8633
 199  0.919923  3.6985  3.1160  1.0328  4.0782  2.7592  2.1241  1.9254  1.8347  1.8016
 200  0.920138  3.6978  3.0883  1.0577  4.0260  2.7016  2.0635  1.8633  1.7717  1.7382
 201  0.920347  3.6969  3.0596  1.0832  3.9735  2.6429  2.0016  1.7999  1.7071  1.6732
 202  0.920551  3.6961  3.0305  1.1091  3.9202  2.5832  1.9383  1.7349  1.6410  1.6067
 203  0.920747  3.6952  3.0003  1.1359  3.8663  2.5222  1.8736  1.6685  1.5733  1.5386
 204  0.920938  3.6942  2.9692  1.1630  3.8126  2.4604  1.8079  1.6008  1.5044  1.4691
 205  0.921120  3.6932  2.9373  1.1907  3.7588  2.3979  1.7409  1.5317  1.4339  1.3980
 206  0.921297  3.6920  2.9048  1.2190  3.7045  2.3344  1.6728  1.4615  1.3621  1.3257
 207  0.921466  3.6909  2.8715  1.2477  3.6502  2.2701  1.6035  1.3901  1.2891  1.2520
 208  0.921630  3.6897  2.8375  1.2769  3.5961  2.2051  1.5334  1.3176  1.2151  1.1773
 209  0.921786  3.6884  2.8029  1.3065  3.5419  2.1395  1.4623  1.2441  1.1399  1.1013
 210  0.921936  3.6871  2.7677  1.3365  3.4882  2.0735  1.3905  1.1697  1.0637  1.0245
 211  0.922079  3.6857  2.7319  1.3668  3.4353  2.0070  1.3179  1.0944  0.9865  0.9465
 212  0.922215  3.6843  2.6957  1.3976  3.3826  1.9397  1.2443  1.0182  0.9084  0.8676
 213  0.922341  3.6829  2.6583  1.4292  3.3304  1.8714  1.1689  0.9400  0.8281  0.7865
 214  0.922464  3.6812  2.6167  1.4640  3.2750  1.7973  1.0867  0.8540  0.7397  0.6971
 215  0.922585  3.6794  2.5755  1.4985  3.2212  1.7241  1.0052  0.7687  0.6520  0.6084
 216  0.922702  3.6778  2.5373  1.5302  3.1733  1.6570  0.9301  0.6903  0.5713  0.5268
 217  0.922718  3.6776  2.5323  1.5344  3.1667  1.6481  0.9201  0.6800  0.5606  0.5160
 218  0.922733  3.6774  2.5273  1.5386  3.1603  1.6392  0.9101  0.6695  0.5500  0.5052
 219  0.922748  3.6772  2.5222  1.5428  3.1539  1.6303  0.9002  0.6592  0.5394  0.4944
 220  0.922764  3.6770  2.5172  1.5470  3.1477  1.6214  0.8902  0.6488  0.5286  0.4836
 221  0.922780  3.6768  2.5122  1.5512  3.1413  1.6125  0.8803  0.6385  0.5180  0.4728
 222  0.922796  3.6766  2.5071  1.5554  3.1351  1.6037  0.8704  0.6282  0.5074  0.4621
 223  0.922811  3.6763  2.5022  1.5595  3.1288  1.5949  0.8605  0.6178  0.4968  0.4515
 224  0.922827  3.6761  2.4972  1.5636  3.1225  1.5861  0.8507  0.6077  0.4864  0.4409
 225  0.922843  3.6759  2.4924  1.5676  3.1165  1.5775  0.8411  0.5976  0.4760  0.4304
 226  0.922859  3.6757  2.4875  1.5717  3.1103  1.5689  0.8315  0.5876  0.4658  0.4200
 227  0.923008  3.6743  2.4523  1.6013  3.0640  1.5046  0.7601  0.5137  0.3901  0.3435
 228  0.923150  3.6748  2.4549  1.6005  3.0574  1.5005  0.7585  0.5138  0.3912  0.3450
 229  0.923313  3.6737  2.4265  1.6246  3.0197  1.4473  0.6995  0.4532  0.3292  0.2825
 230  0.923465  3.6707  2.3614  1.6779  2.9471  1.3380  0.5745  0.3222  0.1942  0.1456
 231  0.923600  3.6679  2.3017  1.7265  2.8825  1.2393  0.4609  0.2031  0.0713  0.0211
 232  0.923724  3.6657  2.2554  1.7643  2.8341  1.1633  0.3731  0.1109 -0.0239 -0.0753
 233  0.923839  3.6650  2.2371  1.7796  2.8176  1.1343  0.3386  0.0748 -0.0612 -0.1131
 234  0.923955  3.6628  2.1903  1.8179  2.7694  1.0580  0.2501 -0.0181 -0.1573 -0.2105
 235  0.924061  3.6594  2.1199  1.8745  2.7009  0.9465  0.1197 -0.1558 -0.3001 -0.3553
 236  0.924154  3.6560  2.0515  1.9292  2.6377  0.8401 -0.0060 -0.2887 -0.4379 -0.4953
 237  0.924237  3.6525  1.9843  1.9826  2.5798  0.7385 -0.1277 -0.4178 -0.5722 -0.6316
 238  0.924310  3.6490  1.9177  2.0355  2.5249  0.6397 -0.2468 -0.5447 -0.7045 -0.7661
 239  0.924375  3.6454  1.8491  2.0894  2.4722  0.5409 -0.3672 -0.6739 -0.8396 -0.9035
 240  0.924432  3.6419  1.7866  2.1382  2.4290  0.4538 -0.4748 -0.7900 -0.9615 -1.0276
 241  0.924483  3.6386  1.7264  2.1851  2.3899  0.3720 -0.5768 -0.9009 -1.0781 -1.1464
 242  0.924529  3.6353  1.6667  2.2316  2.3528  0.2920 -0.6773 -1.0104 -1.1935 -1.2638
 243  0.924570  3.6320  1.6084  2.2766  2.3180  0.2158 -0.7740 -1.1163 -1.3054 -1.3778
 244  0.924607  3.6287  1.5514  2.3206  2.2853  0.1429 -0.8671 -1.2191 -1.4142 -1.4888
 245  0.924641  3.6255  1.4953  2.3638  2.2544  0.0730 -0.9572 -1.3195 -1.5209 -1.5976
 246  0.924672  3.6223  1.4400  2.4062  2.2250  0.0060 -1.0440 -1.4177 -1.6256 -1.7043
 247  0.924700  3.6190  1.3856  2.4476  2.1971 -0.0578 -1.1273 -1.5133 -1.7278 -1.8086
 248  0.924725  3.6158  1.3328  2.4877  2.1708 -0.1188 -1.2073 -1.6058 -1.8270 -1.9098
 249  0.924748  3.6127  1.2807  2.5272  2.1450 -0.1772 -1.2843 -1.6964 -1.9246 -2.0093
 250  0.924770  3.6096  1.2296  2.5658  2.1200 -0.2336 -1.3583 -1.7849 -2.0201 -2.1064
 251  0.924789  3.6064  1.1796  2.6036  2.0953 -0.2874 -1.4291 -1.8715 -2.1137 -2.2017
 252  0.924807  3.6034  1.1307  2.6404  2.0713 -0.3377 -1.4956 -1.9552 -2.2047 -2.2946
 253  0.924823  3.6005  1.0827  2.6765  2.0480 -0.3846 -1.5582 -2.0365 -2.2938 -2.3856
 254  0.924838  3.5975  1.0356  2.7116  2.0253 -0.4276 -1.6161 -2.1151 -2.3807 -2.4744
 255  0.924852  3.5946  0.9895  2.7462  2.0021 -0.4678 -1.6693 -2.1922 -2.4662 -2.5617
 256  0.924865  3.5917  0.9443  2.7798  1.9786 -0.5050 -1.7177 -2.2671 -2.5500 -2.6473
 257  0.924877  3.5889  0.9001  2.8126  1.9548 -0.5385 -1.7611 -2.3397 -2.6318 -2.7310
 258  0.924888  3.5861  0.8568  2.8446  1.9314 -0.5675 -1.7988 -2.4098 -2.7117 -2.8128
 259  0.924899  3.5832  0.8140  2.8761  1.9074 -0.5925 -1.8314 -2.4778 -2.7901 -2.8936
 260  0.924908  3.5805  0.7725  2.9067  1.8828 -0.6139 -1.8597 -2.5429 -2.8661 -2.9720
 261  0.924917  3.5778  0.7317  2.9367  1.8581 -0.6307 -1.8829 -2.6052 -2.9400 -3.0487
 262  0.924925  3.5751  0.6918  2.9660  1.8329 -0.6430 -1.9005 -2.6645 -3.0119 -3.1236
 263  0.924933  3.5725  0.6527  2.9946  1.8070 -0.6473 -1.9077 -2.7199 -3.0814 -3.1971
 264  0.924941  3.5699  0.6144  3.0226  1.7811 -0.6424 -1.9028 -2.7707 -3.1485 -3.2690
 265  0.924947  3.5674  0.5768  3.0501  1.7546 -0.6339 -1.8937 -2.8190 -3.2138 -3.3394
 266  0.924954  3.5649  0.5400  3.0769  1.7263 -0.6214 -1.8802 -2.8637 -3.2769 -3.4085
 267  0.924960  3.5625  0.5041  3.1032  1.6975 -0.6059 -1.8632 -2.9053 -3.3376 -3.4755
 268  0.924966  3.5601  0.4688  3.1287  1.6696 -0.5861 -1.8423 -2.9435 -3.3959 -3.5405
 269  0.924971  3.5577  0.4343  3.1537  1.6419 -0.5638 -1.8191 -2.9791 -3.4519 -3.6038
 270  0.924976  3.5553  0.4003  3.1782  1.6153 -0.5373 -1.7926 -3.0118 -3.5057 -3.6652
 271  0.924980  3.5530  0.3671  3.2021  1.5902 -0.5072 -1.7638 -3.0412 -3.5569 -3.7245
 272  0.924985  3.5505  0.3339  3.2256  1.5672 -0.4674 -1.7269 -3.0650 -3.6046 -3.7814
 273  0.924990  3.5482  0.3019  3.2483  1.5471 -0.4243 -1.6956 -3.0829 -3.6468 -3.8342
 274  0.924994  3.5459  0.2700  3.2708  1.5299 -0.3734 -1.6597 -3.0953 -3.6852 -3.8844
 275  0.924998  3.5435  0.2389  3.2925  1.5145 -0.3209 -1.6235 -3.1059 -3.7214 -3.9324
 276  0.925001  3.5413  0.2088  3.3137  1.4949 -0.2750 -1.5933 -3.1199 -3.7581 -3.9803
 277  0.925005  3.5392  0.1796  3.3344  1.4761 -0.2277 -1.5625 -3.1321 -3.7927 -4.0262
 278  0.925008  3.5371  0.1513  3.3541  1.4582 -0.1807 -1.5322 -3.1426 -3.8250 -4.0697
 279  0.925010  3.5352  0.1266  3.3716  1.4422 -0.1399 -1.5063 -3.1516 -3.8530 -4.1075
