#NUMBER OF AGES= 1 MAGS= 6
#----------------------------------------------------       
#MIX-LEN  Y      Z          Zeff        [Fe/H] [a/Fe]
# 1.9380  0.2464 8.3142E-04 4.2320E-04  -1.60   0.40 
#----------------------------------------------------       
#**PHOTOMETRIC SYSTEM**: DECam (AB)
#----------------------------------------------------       
#AGE= 8.700 EEPS=268
#EEP   M/Mo    LogTeff  LogG   LogL/Lo DECam_u DECam_g DECam_r DECam_i DECam_z DECam_Y
  11  0.106649  3.5307  5.3472 -2.8049 16.4200 14.0736 12.5159 11.5900 11.2322 11.1278
  12  0.117751  3.5373  5.2967 -2.6855 15.9895 13.6757 12.1346 11.2868 10.9442 10.8405
  13  0.130924  3.5442  5.2450 -2.5598 15.5309 13.2597 11.7392 10.9674 10.6400 10.5375
  14  0.147912  3.5520  5.1944 -2.4252 15.0357 12.8169 11.3232 10.6252 10.3134 10.2127
  15  0.168674  3.5601  5.1528 -2.2940 14.5474 12.3853 10.9237 10.2911  9.9945  9.8963
  16  0.188425  3.5665  5.1210 -2.1885 14.1617 12.0447 10.6120 10.0226  9.7373  9.6413
  17  0.205794  3.5710  5.0948 -2.1063 13.8708 11.7874 10.3768  9.8141  9.5363  9.4419
  18  0.222832  3.5745  5.0713 -2.0341 13.6210 11.5660 10.1745  9.6315  9.3593  9.2662
  19  0.239165  3.5775  5.0511 -1.9711 13.4054 11.3752 10.0006  9.4728  9.2053  9.1133
  20  0.254777  3.5801  5.0340 -1.9163 13.2174 11.2092  9.8500  9.3341  9.0707  8.9797
  21  0.270125  3.5824  5.0191 -1.8667 13.0479 11.0599  9.7151  9.2093  8.9494  8.8592
  22  0.284330  3.5845  5.0062 -1.8232 12.8977 10.9286  9.5971  9.0997  8.8428  8.7535
  23  0.296232  3.5861  4.9956 -1.7882 12.7766 10.8228  9.5027  9.0116  8.7572  8.6683
  24  0.305225  3.5873  4.9876 -1.7626 12.6883 10.7455  9.4338  8.9470  8.6944  8.6059
  25  0.311896  3.5881  4.9820 -1.7444 12.6263 10.6911  9.3849  8.9012  8.6497  8.5617
  26  0.316895  3.5886  4.9779 -1.7310 12.5812 10.6514  9.3492  8.8677  8.6170  8.5292
  27  0.320906  3.5892  4.9749 -1.7207 12.5457 10.6202  9.3214  8.8415  8.5915  8.5039
  28  0.324453  3.5896  4.9723 -1.7116 12.5149 10.5930  9.2972  8.8187  8.5694  8.4820
  29  0.327958  3.5900  4.9698 -1.7028 12.4846 10.5663  9.2734  8.7965  8.5477  8.4604
  30  0.332115  3.5905  4.9675 -1.6930 12.4502 10.5364  9.2469  8.7716  8.5236  8.4365
  31  0.337121  3.5910  4.9642 -1.6810 12.4087 10.5001  9.2150  8.7414  8.4942  8.4073
  32  0.340938  3.5912  4.9619 -1.6727 12.3799 10.4769  9.1957  8.7207  8.4732  8.3865
  33  0.357521  3.5935  4.9468 -1.6282 12.2245 10.3408  9.0760  8.6083  8.3641  8.2783
  34  0.398077  3.6015  4.9004 -1.5035 11.7689  9.9431  8.7333  8.2920  8.0599  7.9779
  35  0.418240  3.6064  4.8751 -1.4368 11.5162  9.7250  8.5499  8.1225  7.8976  7.8181
  36  0.433992  3.6110  4.8540 -1.3813 11.3040  9.5410  8.3966  7.9813  7.7630  7.6857
  37  0.447926  3.6157  4.8353 -1.3298 11.1047  9.3672  8.2536  7.8506  7.6390  7.5640
  38  0.460479  3.6206  4.8188 -1.2818 10.9136  9.2000  8.1182  7.7279  7.5234  7.4508
  39  0.472541  3.6260  4.8034 -1.2336 10.7174  9.0284  7.9814  7.6052  7.4084  7.3385
  40  0.483999  3.6316  4.7899 -1.1870 10.5215  8.8567  7.8470  7.4863  7.2982  7.2310
  41  0.494599  3.6373  4.7786 -1.1436 10.3333  8.6924  7.7205  7.3758  7.1966  7.1324
  42  0.504179  3.6428  4.7694 -1.1043 10.1575  8.5407  7.6054  7.2761  7.1056  7.0440
  43  0.512803  3.6482  4.7623 -1.0686  9.9898  8.3996  7.4997  7.1852  7.0231  6.9644
  44  0.520928  3.6535  4.7566 -1.0343  9.8216  8.2631  7.3984  7.0982  6.9445  6.8885
  45  0.529245  3.6594  4.7514 -0.9991  9.6425  8.1223  7.2941  7.0087  6.8636  6.8107
  46  0.538422  3.6658  4.7461 -0.9604  9.4418  7.9696  7.1807  6.9108  6.7750  6.7254
  47  0.548799  3.6729  4.7399 -0.9173  9.2144  7.8035  7.0557  6.8013  6.6756  6.6300
  48  0.560037  3.6807  4.7331 -0.8709  8.9690  7.6296  6.9232  6.6842  6.5688  6.5275
  49  0.571592  3.6886  4.7261 -0.8234  8.7218  7.4572  6.7895  6.5653  6.4600  6.4232
  50  0.583140  3.6964  4.7190 -0.7762  8.4828  7.2915  6.6591  6.4487  6.3532  6.3208
  51  0.594446  3.7039  4.7114 -0.7304  8.2581  7.1358  6.5347  6.3370  6.2506  6.2224
  52  0.599782  3.7074  4.7077 -0.7089  8.1556  7.0644  6.4772  6.2852  6.2028  6.1765
  53  0.605096  3.7108  4.7039 -0.6875  8.0557  6.9945  6.4206  6.2341  6.1557  6.1311
  54  0.610371  3.7141  4.6999 -0.6664  7.9580  6.9261  6.3650  6.1838  6.1093  6.0865
  55  0.615601  3.7174  4.6958 -0.6456  7.8628  6.8592  6.3105  6.1345  6.0637  6.0426
  56  0.620778  3.7206  4.6918 -0.6249  7.7698  6.7937  6.2571  6.0860  6.0188  5.9994
  57  0.625897  3.7238  4.6875 -0.6047  7.6797  6.7297  6.2047  6.0385  5.9748  5.9571
  58  0.630951  3.7268  4.6832 -0.5846  7.5925  6.6674  6.1536  5.9919  5.9316  5.9154
  59  0.635940  3.7298  4.6787 -0.5648  7.5081  6.6065  6.1034  5.9463  5.8892  5.8745
  60  0.640869  3.7327  4.6742 -0.5454  7.4266  6.5471  6.0543  5.9015  5.8475  5.8343
  61  0.645728  3.7354  4.6694 -0.5262  7.3480  6.4891  6.0062  5.8575  5.8065  5.7947
  62  0.650523  3.7382  4.6646 -0.5073  7.2719  6.4325  5.9590  5.8143  5.7663  5.7558
  63  0.655253  3.7408  4.6597 -0.4887  7.1981  6.3771  5.9128  5.7720  5.7267  5.7175
  64  0.659925  3.7435  4.6547 -0.4703  7.1263  6.3225  5.8674  5.7304  5.6878  5.6797
  65  0.664543  3.7458  4.6495 -0.4521  7.0566  6.2691  5.8226  5.6894  5.6494  5.6425
  66  0.669110  3.7483  4.6442 -0.4341  6.9886  6.2166  5.7786  5.6490  5.6114  5.6058
  67  0.673617  3.7507  4.6387 -0.4164  6.9225  6.1651  5.7352  5.6092  5.5740  5.5693
  68  0.678075  3.7529  4.6332 -0.3988  6.8580  6.1145  5.6925  5.5697  5.5369  5.5332
  69  0.682478  3.7552  4.6276 -0.3814  6.7951  6.0646  5.6502  5.5308  5.5001  5.4976
  70  0.686824  3.7573  4.6219 -0.3642  6.7339  6.0159  5.6087  5.4923  5.4637  5.4622
  71  0.691116  3.7595  4.6161 -0.3473  6.6741  5.9678  5.5676  5.4543  5.4279  5.4272
  72  0.695342  3.7615  4.6102 -0.3306  6.6157  5.9205  5.5272  5.4168  5.3924  5.3927
  73  0.699500  3.7636  4.6044 -0.3140  6.5587  5.8741  5.4874  5.3799  5.3575  5.3586
  74  0.703588  3.7655  4.5983 -0.2977  6.5031  5.8285  5.4482  5.3436  5.3230  5.3250
  75  0.707612  3.7674  4.5924 -0.2817  6.4488  5.7837  5.4096  5.3078  5.2890  5.2919
  76  0.711564  3.7692  4.5863 -0.2659  6.3959  5.7397  5.3717  5.2725  5.2555  5.2591
  77  0.715452  3.7710  4.5802 -0.2503  6.3441  5.6965  5.3343  5.2377  5.2224  5.2268
  78  0.719270  3.7728  4.5742 -0.2350  6.2933  5.6539  5.2976  5.2035  5.1899  5.1950
  79  0.723028  3.7745  4.5683 -0.2199  6.2436  5.6121  5.2614  5.1699  5.1579  5.1638
  80  0.726724  3.7762  4.5624 -0.2049  6.1949  5.5710  5.2257  5.1368  5.1263  5.1329
  81  0.730353  3.7778  4.5565 -0.1903  6.1474  5.5305  5.1908  5.1041  5.0953  5.1025
  82  0.735204  3.7800  4.5487 -0.1707  6.0841  5.4766  5.1438  5.0604  5.0537  5.0617
  83  0.740008  3.7823  4.5409 -0.1511  6.0218  5.4231  5.0972  5.0171  5.0122  5.0212
  84  0.744773  3.7845  4.5331 -0.1318  5.9602  5.3699  5.0509  4.9739  4.9711  4.9808
  85  0.749501  3.7867  4.5253 -0.1124  5.8993  5.3172  5.0048  4.9308  4.9300  4.9407
  86  0.754190  3.7888  4.5175 -0.0932  5.8390  5.2647  4.9589  4.8881  4.8892  4.9007
  87  0.758837  3.7910  4.5096 -0.0740  5.7790  5.2124  4.9134  4.8456  4.8487  4.8609
  88  0.763443  3.7932  4.5016 -0.0549  5.7196  5.1603  4.8681  4.8033  4.8083  4.8212
  89  0.768004  3.7952  4.4935 -0.0358  5.6602  5.1082  4.8229  4.7614  4.7682  4.7820
  90  0.772504  3.7973  4.4852 -0.0167  5.6015  5.0563  4.7779  4.7194  4.7281  4.7426
  91  0.776926  3.7993  4.4767  0.0022  5.5433  5.0047  4.7330  4.6776  4.6880  4.7032
  92  0.781267  3.8012  4.4678  0.0212  5.4860  4.9534  4.6881  4.6358  4.6479  4.6637
  93  0.785511  3.8031  4.4589  0.0400  5.4294  4.9025  4.6434  4.5939  4.6076  4.6242
  94  0.789646  3.8049  4.4496  0.0587  5.3737  4.8521  4.5988  4.5522  4.5675  4.5847
  95  0.793671  3.8066  4.4401  0.0772  5.3188  4.8022  4.5546  4.5106  4.5274  4.5452
  96  0.797588  3.8083  4.4304  0.0956  5.2648  4.7527  4.5105  4.4691  4.4874  4.5057
  97  0.801395  3.8098  4.4206  0.1139  5.2117  4.7038  4.4668  4.4278  4.4473  4.4662
  98  0.805086  3.8113  4.4105  0.1320  5.1594  4.6554  4.4233  4.3866  4.4075  4.4269
  99  0.808670  3.8128  4.4002  0.1498  5.1081  4.6077  4.3803  4.3457  4.3677  4.3876
 100  0.812157  3.8141  4.3899  0.1676  5.0575  4.5604  4.3373  4.3050  4.3281  4.3485
 101  0.815557  3.8154  4.3793  0.1853  5.0074  4.5134  4.2947  4.2644  4.2886  4.3094
 102  0.818866  3.8166  4.3686  0.2027  4.9581  4.4670  4.2523  4.2239  4.2491  4.2704
 103  0.822089  3.8179  4.3578  0.2201  4.9095  4.4211  4.2103  4.1839  4.2099  4.2316
 104  0.825237  3.8190  4.3469  0.2373  4.8615  4.3755  4.1685  4.1441  4.1710  4.1930
 105  0.828327  3.8202  4.3359  0.2543  4.8142  4.3304  4.1272  4.1044  4.1322  4.1547
 106  0.831354  3.8212  4.3249  0.2712  4.7673  4.2857  4.0859  4.0651  4.0936  4.1164
 107  0.834322  3.8222  4.3138  0.2879  4.7211  4.2415  4.0452  4.0259  4.0553  4.0783
 108  0.837237  3.8232  4.3026  0.3044  4.6756  4.1978  4.0047  3.9870  4.0171  4.0404
 109  0.840099  3.8241  4.2913  0.3209  4.6306  4.1545  3.9645  3.9484  3.9791  4.0028
 110  0.842920  3.8249  4.2799  0.3371  4.5865  4.1117  3.9246  3.9100  3.9413  3.9652
 111  0.845636  3.8258  4.2686  0.3532  4.5427  4.0695  3.8852  3.8721  3.9039  3.9281
 112  0.846579  3.8261  4.2647  0.3589  4.5271  4.0544  3.8712  3.8586  3.8907  3.9150
 113  0.847522  3.8264  4.2606  0.3646  4.5114  4.0393  3.8572  3.8451  3.8774  3.9018
 114  0.848464  3.8267  4.2566  0.3704  4.4955  4.0240  3.8430  3.8314  3.8639  3.8885
 115  0.849407  3.8271  4.2525  0.3763  4.4796  4.0086  3.8286  3.8176  3.8503  3.8749
 116  0.850349  3.8274  4.2482  0.3822  4.4636  3.9931  3.8142  3.8037  3.8365  3.8612
 117  0.851289  3.8276  4.2438  0.3881  4.4475  3.9775  3.7995  3.7894  3.8225  3.8473
 118  0.852226  3.8279  4.2393  0.3941  4.4313  3.9617  3.7846  3.7750  3.8081  3.8330
 119  0.853163  3.8281  4.2345  0.4003  4.4150  3.9458  3.7696  3.7603  3.7936  3.8186
 120  0.854097  3.8283  4.2297  0.4064  4.3986  3.9297  3.7543  3.7454  3.7789  3.8039
 121  0.855028  3.8285  4.2247  0.4127  4.3820  3.9136  3.7388  3.7304  3.7640  3.7890
 122  0.855956  3.8287  4.2196  0.4189  4.3654  3.8972  3.7232  3.7152  3.7488  3.7739
 123  0.856882  3.8288  4.2144  0.4253  4.3486  3.8808  3.7074  3.6996  3.7334  3.7586
 124  0.857807  3.8290  4.2091  0.4317  4.3318  3.8641  3.6915  3.6841  3.7179  3.7431
 125  0.858727  3.8291  4.2037  0.4382  4.3149  3.8473  3.6753  3.6682  3.7021  3.7274
 126  0.859643  3.8293  4.1981  0.4448  4.2977  3.8304  3.6590  3.6522  3.6862  3.7115
 127  0.860558  3.8294  4.1925  0.4514  4.2805  3.8133  3.6425  3.6361  3.6701  3.6954
 128  0.861469  3.8296  4.1867  0.4581  4.2632  3.7962  3.6259  3.6197  3.6537  3.6790
 129  0.862378  3.8296  4.1807  0.4648  4.2458  3.7789  3.6091  3.6030  3.6371  3.6624
 130  0.863283  3.8297  4.1747  0.4716  4.2283  3.7615  3.5921  3.5862  3.6203  3.6456
 131  0.864183  3.8297  4.1684  0.4784  4.2107  3.7439  3.5749  3.5692  3.6033  3.6286
 132  0.865079  3.8297  4.1620  0.4854  4.1931  3.7263  3.5576  3.5520  3.5860  3.6113
 133  0.865970  3.8297  4.1553  0.4924  4.1754  3.7086  3.5400  3.5345  3.5684  3.5937
 134  0.866854  3.8296  4.1485  0.4995  4.1577  3.6908  3.5222  3.5167  3.5505  3.5758
 135  0.867732  3.8296  4.1415  0.5065  4.1400  3.6728  3.5042  3.4987  3.5324  3.5577
 136  0.868604  3.8294  4.1343  0.5137  4.1222  3.6547  3.4861  3.4805  3.5140  3.5393
 137  0.869469  3.8293  4.1269  0.5209  4.1044  3.6366  3.4678  3.4620  3.4953  3.5206
 138  0.870327  3.8291  4.1191  0.5282  4.0866  3.6183  3.4492  3.4433  3.4765  3.5015
 139  0.871177  3.8288  4.1113  0.5356  4.0687  3.6001  3.4305  3.4243  3.4572  3.4822
 140  0.872019  3.8286  4.1031  0.5430  4.0509  3.5817  3.4115  3.4050  3.4377  3.4626
 141  0.872852  3.8282  4.0946  0.5505  4.0331  3.5633  3.3924  3.3855  3.4178  3.4426
 142  0.873676  3.8279  4.0860  0.5581  4.0153  3.5447  3.3731  3.3657  3.3976  3.4222
 143  0.874489  3.8274  4.0770  0.5657  3.9976  3.5262  3.3535  3.3456  3.3772  3.4016
 144  0.875292  3.8269  4.0677  0.5733  3.9800  3.5076  3.3338  3.3252  3.3563  3.3806
 145  0.876083  3.8263  4.0581  0.5811  3.9625  3.4890  3.3138  3.3045  3.3351  3.3592
 146  0.876861  3.8257  4.0481  0.5889  3.9451  3.4705  3.2936  3.2834  3.3135  3.3373
 147  0.877628  3.8250  4.0378  0.5967  3.9279  3.4519  3.2733  3.2620  3.2915  3.3151
 148  0.878380  3.8242  4.0271  0.6046  3.9110  3.4334  3.2526  3.2402  3.2691  3.2924
 149  0.879118  3.8233  4.0160  0.6125  3.8942  3.4149  3.2318  3.2182  3.2462  3.2692
 150  0.879840  3.8223  4.0045  0.6205  3.8778  3.3966  3.2107  3.1957  3.2229  3.2456
 151  0.880547  3.8212  3.9924  0.6285  3.8620  3.3785  3.1894  3.1727  3.1991  3.2213
 152  0.881238  3.8200  3.9799  0.6366  3.8465  3.3605  3.1678  3.1493  3.1746  3.1965
 153  0.881912  3.8187  3.9669  0.6446  3.8316  3.3428  3.1460  3.1255  3.1498  3.1712
 154  0.882568  3.8172  3.9531  0.6527  3.8173  3.3253  3.1241  3.1013  3.1243  3.1452
 155  0.883207  3.8155  3.9389  0.6608  3.8037  3.3081  3.1020  3.0767  3.0984  3.1187
 156  0.883827  3.8137  3.9239  0.6688  3.7910  3.2914  3.0797  3.0517  3.0719  3.0916
 157  0.884429  3.8118  3.9083  0.6770  3.7792  3.2752  3.0573  3.0263  3.0450  3.0639
 158  0.885014  3.8096  3.8918  0.6850  3.7684  3.2594  3.0348  3.0006  3.0174  3.0355
 159  0.885581  3.8072  3.8743  0.6930  3.7587  3.2442  3.0123  2.9744  2.9892  3.0065
 160  0.886130  3.8045  3.8559  0.7009  3.7505  3.2299  2.9899  2.9480  2.9605  2.9768
 161  0.886661  3.8014  3.8361  0.7087  3.7443  3.2167  2.9679  2.9214  2.9313  2.9465
 162  0.887082  3.7985  3.8183  0.7150  3.7420  3.2070  2.9500  2.8992  2.9067  2.9207
 163  0.887503  3.7953  3.7994  0.7212  3.7418  3.1984  2.9321  2.8766  2.8812  2.8941
 164  0.887922  3.7918  3.7795  0.7273  3.7439  3.1908  2.9141  2.8535  2.8551  2.8665
 165  0.888336  3.7877  3.7578  0.7332  3.7510  3.1856  2.8963  2.8296  2.8277  2.8375
 166  0.888736  3.7828  3.7327  0.7385  3.7661  3.1843  2.8791  2.8051  2.7986  2.8064
 167  0.889141  3.7777  3.7076  0.7434  3.7843  3.1846  2.8633  2.7815  2.7704  2.7761
 168  0.889566  3.7733  3.6854  0.7481  3.8000  3.1844  2.8486  2.7601  2.7449  2.7487
 169  0.890003  3.7691  3.6644  0.7525  3.8157  3.1844  2.8349  2.7400  2.7208  2.7229
 170  0.890437  3.7647  3.6428  0.7571  3.8335  3.1851  2.8211  2.7196  2.6963  2.6965
 171  0.890858  3.7605  3.6205  0.7624  3.8502  3.1841  2.8057  2.6976  2.6699  2.6683
 172  0.891253  3.7567  3.5991  0.7691  3.8609  3.1786  2.7876  2.6737  2.6423  2.6391
 173  0.891612  3.7536  3.5788  0.7769  3.8650  3.1685  2.7671  2.6484  2.6138  2.6091
 174  0.891935  3.7509  3.5598  0.7856  3.8624  3.1545  2.7445  2.6220  2.5848  2.5790
 175  0.892226  3.7487  3.5417  0.7949  3.8564  3.1382  2.7211  2.5953  2.5559  2.5489
 176  0.892493  3.7468  3.5247  0.8047  3.8461  3.1195  2.6964  2.5679  2.5265  2.5187
 177  0.892739  3.7453  3.5085  0.8149  3.8326  3.0989  2.6709  2.5402  2.4972  2.4887
 178  0.892969  3.7440  3.4930  0.8252  3.8178  3.0775  2.6452  2.5124  2.4681  2.4589
 179  0.893185  3.7429  3.4780  0.8356  3.8008  3.0551  2.6190  2.4846  2.4390  2.4293
 180  0.893393  3.7418  3.4634  0.8462  3.7832  3.0323  2.5926  2.4566  2.4099  2.3998
 181  0.893592  3.7409  3.4492  0.8568  3.7647  3.0089  2.5661  2.4286  2.3809  2.3704
 182  0.893835  3.7398  3.4317  0.8702  3.7402  2.9792  2.5328  2.3936  2.3448  2.3337
 183  0.894076  3.7389  3.4145  0.8839  3.7141  2.9482  2.4986  2.3579  2.3081  2.2966
 184  0.894316  3.7381  3.3971  0.8979  3.6865  2.9163  2.4635  2.3216  2.2708  2.2588
 185  0.894553  3.7372  3.3797  0.9122  3.6580  2.8836  2.4281  2.2848  2.2330  2.2207
 186  0.894789  3.7365  3.3623  0.9267  3.6284  2.8501  2.3920  2.2475  2.1949  2.1821
 187  0.895024  3.7358  3.3449  0.9415  3.5979  2.8160  2.3554  2.2098  2.1565  2.1433
 188  0.895259  3.7351  3.3275  0.9563  3.5668  2.7815  2.3186  2.1719  2.1178  2.1044
 189  0.895492  3.7345  3.3101  0.9712  3.5350  2.7464  2.2813  2.1337  2.0788  2.0650
 190  0.895724  3.7339  3.2926  0.9863  3.5023  2.7107  2.2437  2.0951  2.0395  2.0254
 191  0.895955  3.7333  3.2752  1.0016  3.4693  2.6747  2.2057  2.0562  2.0000  1.9856
 192  0.896185  3.7327  3.2576  1.0171  3.4354  2.6381  2.1673  2.0168  1.9600  1.9453
 193  0.896414  3.7322  3.2398  1.0328  3.4011  2.6010  2.1283  1.9770  1.9195  1.9046
 194  0.896641  3.7317  3.2219  1.0486  3.3663  2.5634  2.0889  1.9368  1.8787  1.8635
 195  0.896867  3.7311  3.2040  1.0647  3.3309  2.5253  2.0491  1.8961  1.8374  1.8220
 196  0.897092  3.7306  3.1858  1.0808  3.2951  2.4869  2.0089  1.8552  1.7958  1.7801
 197  0.897315  3.7301  3.1676  1.0972  3.2588  2.4480  1.9683  1.8138  1.7539  1.7378
 198  0.897536  3.7296  3.1490  1.1138  3.2217  2.4083  1.9270  1.7715  1.7110  1.6948
 199  0.897750  3.7291  3.1298  1.1312  3.1829  2.3668  1.8839  1.7276  1.6666  1.6500
 200  0.897957  3.7286  3.1098  1.1491  3.1426  2.3240  1.8393  1.6822  1.6205  1.6037
 201  0.898157  3.7281  3.0892  1.1677  3.1011  2.2796  1.7931  1.6352  1.5729  1.5557
 202  0.898353  3.7275  3.0682  1.1867  3.0586  2.2343  1.7460  1.5872  1.5243  1.5069
 203  0.898545  3.7270  3.0467  1.2060  3.0152  2.1880  1.6978  1.5383  1.4746  1.4570
 204  0.898730  3.7264  3.0248  1.2258  2.9710  2.1408  1.6487  1.4883  1.4240  1.4060
 205  0.898911  3.7258  3.0024  1.2459  2.9262  2.0929  1.5988  1.4373  1.3724  1.3541
 206  0.899087  3.7252  2.9795  1.2664  2.8812  2.0443  1.5482  1.3857  1.3200  1.3014
 207  0.899259  3.7245  2.9562  1.2871  2.8356  1.9951  1.4968  1.3334  1.2668  1.2478
 208  0.899426  3.7238  2.9325  1.3081  2.7895  1.9453  1.4447  1.2802  1.2129  1.1935
 209  0.899588  3.7230  2.9079  1.3294  2.7448  1.8957  1.3921  1.2262  1.1579  1.1380
 210  0.899746  3.7224  2.8840  1.3509  2.6966  1.8443  1.3387  1.1719  1.1028  1.0826
 211  0.899899  3.7216  2.8592  1.3728  2.6497  1.7929  1.2847  1.1166  1.0467  1.0261
 212  0.900049  3.7207  2.8336  1.3948  2.6037  1.7416  1.2303  1.0608  0.9898  0.9687
 213  0.900192  3.7200  2.8087  1.4171  2.5545  1.6886  1.1751  1.0045  0.9327  0.9113
 214  0.900332  3.7192  2.7830  1.4396  2.5063  1.6358  1.1196  0.9476  0.8749  0.8530
 215  0.900467  3.7184  2.7570  1.4622  2.4585  1.5830  1.0635  0.8902  0.8164  0.7940
 216  0.900598  3.7175  2.7308  1.4851  2.4101  1.5295  1.0071  0.8324  0.7575  0.7347
 217  0.900622  3.7173  2.7258  1.4895  2.4007  1.5192  0.9962  0.8212  0.7462  0.7234
 218  0.900647  3.7172  2.7208  1.4940  2.3914  1.5090  0.9854  0.8102  0.7349  0.7120
 219  0.900671  3.7170  2.7156  1.4984  2.3821  1.4986  0.9744  0.7989  0.7235  0.7005
 220  0.900696  3.7168  2.7103  1.5027  2.3734  1.4885  0.9636  0.7877  0.7120  0.6889
 221  0.900720  3.7166  2.7049  1.5072  2.3651  1.4786  0.9527  0.7765  0.7005  0.6772
 222  0.900743  3.7164  2.6996  1.5117  2.3559  1.4683  0.9417  0.7651  0.6889  0.6655
 223  0.900767  3.7162  2.6944  1.5162  2.3466  1.4579  0.9306  0.7538  0.6772  0.6538
 224  0.900791  3.7160  2.6892  1.5208  2.3373  1.4474  0.9195  0.7423  0.6656  0.6421
 225  0.900815  3.7159  2.6841  1.5253  2.3274  1.4368  0.9083  0.7309  0.6540  0.6304
 226  0.900838  3.7158  2.6793  1.5299  2.3168  1.4257  0.8970  0.7194  0.6424  0.6187
 227  0.901056  3.7139  2.6277  1.5740  2.2264  1.3237  0.7882  0.6076  0.5284  0.5037
 228  0.901259  3.7121  2.5762  1.6186  2.1347  1.2207  0.6787  0.4949  0.4135  0.3879
 229  0.901441  3.7104  2.5258  1.6620  2.0463  1.1208  0.5721  0.3854  0.3019  0.2752
 230  0.901613  3.7084  2.4739  1.7063  1.9589  1.0200  0.4636  0.2733  0.1873  0.1597
 231  0.901770  3.7064  2.4220  1.7502  1.8737  0.9207  0.3560  0.1622  0.0738  0.0449
 232  0.901913  3.7043  2.3703  1.7939  1.7911  0.8227  0.2495  0.0519 -0.0392 -0.0691
 233  0.902045  3.7022  2.3172  1.8383  1.7091  0.7237  0.1413 -0.0604 -0.1543 -0.1855
 234  0.902166  3.6999  2.2614  1.8847  1.6262  0.6215  0.0286 -0.1775 -0.2744 -0.3069
 235  0.902275  3.6977  2.2104  1.9272  1.5506  0.5281 -0.0742 -0.2845 -0.3842 -0.4178
 236  0.902374  3.6957  2.1633  1.9664  1.4808  0.4417 -0.1695 -0.3836 -0.4858 -0.5206
 237  0.902467  3.6938  2.1181  2.0040  1.4151  0.3595 -0.2604 -0.4782 -0.5830 -0.6188
 238  0.902552  3.6922  2.0803  2.0356  1.3599  0.2905 -0.3367 -0.5576 -0.6644 -0.7012
 239  0.902634  3.6916  2.0618  2.0516  1.3286  0.2540 -0.3759 -0.5980 -0.7057 -0.7428
 240  0.902717  3.6928  2.0795  2.0385  1.3420  0.2789 -0.3458 -0.5656 -0.6718 -0.7082
 241  0.902809  3.6911  2.0384  2.0730  1.2800  0.2029 -0.4294 -0.6524 -0.7608 -0.7981
 242  0.902892  3.6886  1.9822  2.1191  1.2044  0.1044 -0.5398 -0.7679 -0.8798 -0.9186
 243  0.902968  3.6860  1.9278  2.1633  1.1350  0.0112 -0.6451 -0.8784 -0.9938 -1.0341
 244  0.903037  3.6836  1.8772  2.2042  1.0728 -0.0743 -0.7420 -0.9803 -1.0991 -1.1408
 245  0.903100  3.6816  1.8355  2.2378  1.0244 -0.1437 -0.8209 -1.0634 -1.1850 -1.2281
 246  0.903159  3.6795  1.7936  2.2717  0.9765 -0.2133 -0.9004 -1.1472 -1.2718 -1.3161
 247  0.903215  3.6770  1.7398  2.3151  0.9143 -0.3023 -1.0027 -1.2551 -1.3835 -1.4294
 248  0.903265  3.6743  1.6871  2.3575  0.8559 -0.3886 -1.1027 -1.3607 -1.4927 -1.5401
 249  0.903311  3.6719  1.6356  2.3993  0.8007 -0.4727 -1.2003 -1.4641 -1.5998 -1.6488
 250  0.903352  3.6694  1.5846  2.4403  0.7479 -0.5548 -1.2965 -1.5658 -1.7052 -1.7558
 251  0.903390  3.6670  1.5342  2.4808  0.6978 -0.6352 -1.3912 -1.6662 -1.8092 -1.8614
 252  0.903425  3.6645  1.4856  2.5196  0.6538 -0.7104 -1.4806 -1.7614 -1.9081 -1.9619
 253  0.903456  3.6620  1.4383  2.5571  0.6135 -0.7824 -1.5669 -1.8535 -2.0041 -2.0594
 254  0.903484  3.6596  1.3922  2.5936  0.5763 -0.8513 -1.6503 -1.9427 -2.0970 -2.1540
 255  0.903511  3.6572  1.3465  2.6296  0.5422 -0.9179 -1.7317 -2.0301 -2.1882 -2.2469
 256  0.903536  3.6548  1.3016  2.6649  0.5109 -0.9823 -1.8112 -2.1157 -2.2777 -2.3380
 257  0.903558  3.6524  1.2578  2.6991  0.4825 -1.0440 -1.8879 -2.1985 -2.3644 -2.4264
 258  0.903579  3.6500  1.2146  2.7328  0.4565 -1.1037 -1.9629 -2.2796 -2.4494 -2.5130
 259  0.903599  3.6477  1.1722  2.7658  0.4330 -1.1611 -2.0359 -2.3587 -2.5325 -2.5977
 260  0.903616  3.6454  1.1307  2.7980  0.4118 -1.2165 -2.1070 -2.4358 -2.6135 -2.6804
 261  0.903633  3.6431  1.0900  2.8296  0.3929 -1.2697 -2.1759 -2.5109 -2.6925 -2.7611
 262  0.903649  3.6408  1.0499  2.8606  0.3760 -1.3210 -2.2433 -2.5845 -2.7700 -2.8402
 263  0.903663  3.6385  1.0105  2.8910  0.3623 -1.3697 -2.3086 -2.6561 -2.8456 -2.9175
 264  0.903677  3.6362  0.9719  2.9205  0.3513 -1.4160 -2.3717 -2.7255 -2.9189 -2.9925
 265  0.903689  3.6340  0.9338  2.9494  0.3420 -1.4604 -2.4332 -2.7934 -2.9909 -3.0662
 266  0.903702  3.6318  0.8964  2.9779  0.3343 -1.5032 -2.4935 -2.8600 -3.0615 -3.1384
 267  0.903713  3.6295  0.8596  3.0057  0.3289 -1.5439 -2.5517 -2.9246 -3.1301 -3.2088
 268  0.903723  3.6273  0.8236  3.0331  0.3247 -1.5829 -2.6087 -2.9879 -3.1974 -3.2777
 269  0.903733  3.6251  0.7881  3.0599  0.3217 -1.6203 -2.6641 -3.0496 -3.2631 -3.3450
 270  0.903742  3.6230  0.7533  3.0861  0.3195 -1.6564 -2.7183 -3.1099 -3.3275 -3.4110
 271  0.903751  3.6209  0.7195  3.1117  0.3177 -1.6909 -2.7707 -3.1685 -3.3899 -3.4750
 272  0.903759  3.6190  0.6862  3.1369  0.3167 -1.7242 -2.8220 -3.2259 -3.4511 -3.5379
 273  0.903766  3.6170  0.6538  3.1614  0.3160 -1.7561 -2.8718 -3.2817 -3.5106 -3.5989
 274  0.903774  3.6150  0.6219  3.1855  0.3158 -1.7868 -2.9203 -3.3361 -3.5690 -3.6587
 275  0.903781  3.6131  0.5908  3.2091  0.3160 -1.8161 -2.9675 -3.3893 -3.6258 -3.7170
 276  0.903787  3.6113  0.5607  3.2320  0.3161 -1.8443 -3.0134 -3.4408 -3.6810 -3.7736
 277  0.903794  3.6096  0.5314  3.2542  0.3170 -1.8709 -3.0579 -3.4906 -3.7343 -3.8284
 278  0.903804  3.6078  0.5033  3.2754  0.3205 -1.8941 -3.0999 -3.5378 -3.7848 -3.8804
