#NUMBER OF AGES= 1 MAGS= 6
#----------------------------------------------------       
#MIX-LEN  Y      Z          Zeff        [Fe/H] [a/Fe]
# 1.9380  0.2550 6.2105E-03 3.1612E-03  -0.72   0.40 
#----------------------------------------------------       
#**PHOTOMETRIC SYSTEM**: DECam (AB)
#----------------------------------------------------       
#AGE= 9.900 EEPS=269
#EEP   M/Mo    LogTeff  LogG   LogL/Lo DECam_u DECam_g DECam_r DECam_i DECam_z DECam_Y
  11  0.102962  3.5131  5.3295 -2.8731 16.4868 14.5431 13.1294 11.8434 11.3522 11.2149
  12  0.118543  3.5141  5.2603 -2.7387 16.1113 14.1833 12.7756 11.5068 11.0176 10.8796
  13  0.137873  3.5154  5.1892 -2.5969 15.7138 13.8012 12.4000 11.1510 10.6649 10.5261
  14  0.163276  3.5184  5.1265 -2.4483 15.2801 13.3765 11.9845 10.7728 10.2958 10.1576
  15  0.188874  3.5236  5.0863 -2.3248 14.8934 12.9903 11.6099 10.4514  9.9896  9.8538
  16  0.208091  3.5273  5.0598 -2.2413 14.6294 12.7263 11.3539 10.2338  9.7830  9.6495
  17  0.223683  3.5301  5.0395 -2.1782 14.4297 12.5271 11.1611 10.0695  9.6272  9.4953
  18  0.238031  3.5328  5.0225 -2.1238 14.2562 12.3542 10.9939  9.9276  9.4929  9.3625
  19  0.252760  3.5353  5.0065 -2.0718 14.0911 12.1896 10.8349  9.7921  9.3646  9.2359
  20  0.268142  3.5378  4.9915 -2.0211 13.9306 12.0293 10.6804  9.6605  9.2401  9.1129
  21  0.282919  3.5402  4.9776 -1.9745 13.7832 11.8827 10.5389  9.5399  9.1259  9.0002
  22  0.295100  3.5420  4.9662 -1.9370 13.6649 11.7649 10.4252  9.4429  9.0340  8.9095
  23  0.304509  3.5434  4.9572 -1.9085 13.5755 11.6760 10.3392  9.3694  8.9644  8.8409
  24  0.311374  3.5445  4.9506 -1.8880 13.5116 11.6124 10.2776  9.3166  8.9144  8.7915
  25  0.316520  3.5452  4.9458 -1.8731 13.4651 11.5659 10.2325  9.2781  8.8780  8.7556
  26  0.320561  3.5459  4.9419 -1.8611 13.4275 11.5284 10.1963  9.2470  8.8486  8.7266
  27  0.323935  3.5463  4.9383 -1.8510 13.3962 11.4972 10.1662  9.2212  8.8241  8.7024
  28  0.327273  3.5469  4.9354 -1.8416 13.3662 11.4671 10.1372  9.1966  8.8009  8.6796
  29  0.330943  3.5475  4.9324 -1.8313 13.3339 11.4346 10.1060  9.1701  8.7761  8.6551
  30  0.335606  3.5483  4.9285 -1.8184 13.2934 11.3939 10.0668  9.1368  8.7447  8.6242
  31  0.341511  3.5491  4.9240 -1.8027 13.2432 11.3434 10.0183  9.0959  8.7063  8.5865
  32  0.389762  3.5590  4.8806 -1.6642 12.7998 10.8846  9.5809  8.7336  8.3717  8.2594
  33  0.419018  3.5656  4.8500 -1.5745 12.5076 10.5904  9.2987  8.5026  8.1581  8.0499
  34  0.437530  3.5710  4.8268 -1.5101 12.2905 10.3726  9.0882  8.3382  8.0079  7.9030
  35  0.447912  3.5742  4.8139 -1.4742 12.1730 10.2484  8.9668  8.2454  7.9247  7.8219
  36  0.457580  3.5774  4.8018 -1.4406 12.0622 10.1327  8.8544  8.1591  7.8469  7.7461
  37  0.468057  3.5808  4.7889 -1.4040 11.9389 10.0062  8.7335  8.0650  7.7621  7.6635
  38  0.479414  3.5847  4.7749 -1.3639 11.8013  9.8661  8.6013  7.9617  7.6692  7.5730
  39  0.491118  3.5890  4.7608 -1.3219 11.6559  9.7182  8.4635  7.8537  7.5722  7.4786
  40  0.502318  3.5934  4.7477 -1.2813 11.5132  9.5731  8.3306  7.7490  7.4784  7.3874
  41  0.513331  3.5980  4.7353 -1.2413 11.3723  9.4290  8.2003  7.6461  7.3863  7.2978
  42  0.524268  3.6027  4.7237 -1.2016 11.2322  9.2840  8.0699  7.5437  7.2952  7.2093
  43  0.535415  3.6078  4.7122 -1.1610 11.0870  9.1328  7.9354  7.4385  7.2019  7.1187
  44  0.546809  3.6133  4.7013 -1.1188 10.9344  8.9731  7.7966  7.3295  7.1054  7.0251
  45  0.558632  3.6195  4.6908 -1.0745 10.7710  8.8018  7.6515  7.2154  7.0046  6.9274
  46  0.571160  3.6263  4.6807 -1.0274 10.5885  8.6149  7.4977  7.0938  6.8974  6.8234
  47  0.584207  3.6340  4.6715 -0.9779 10.3824  8.4125  7.3363  6.9664  6.7851  6.7148
  48  0.597164  3.6422  4.6640 -0.9281 10.1520  8.2015  7.1739  6.8379  6.6720  6.6058
  49  0.609726  3.6505  4.6577 -0.8796  9.9060  7.9924  7.0176  6.7122  6.5608  6.4989
  50  0.621868  3.6585  4.6518 -0.8330  9.6509  7.7918  6.8706  6.5906  6.4517  6.3943
  51  0.633467  3.6660  4.6458 -0.7887  9.4002  7.6048  6.7344  6.4750  6.3470  6.2938
  52  0.639023  3.6696  4.6429 -0.7675  9.2774  7.5166  6.6706  6.4198  6.2967  6.2457
  53  0.644544  3.6732  4.6399 -0.7465  9.1549  7.4303  6.6079  6.3653  6.2469  6.1980
  54  0.650037  3.6767  4.6368 -0.7257  9.0317  7.3458  6.5468  6.3116  6.1977  6.1509
  55  0.655520  3.6802  4.6336 -0.7050  8.9095  7.2631  6.4866  6.2585  6.1491  6.1044
  56  0.661009  3.6836  4.6304 -0.6844  8.7894  7.1822  6.4274  6.2059  6.1009  6.0583
  57  0.666504  3.6870  4.6268 -0.6639  8.6726  7.1032  6.3691  6.1538  6.0530  6.0125
  58  0.672007  3.6903  4.6233 -0.6436  8.5601  7.0263  6.3116  6.1024  6.0057  5.9670
  59  0.677526  3.6935  4.6197 -0.6234  8.4540  6.9514  6.2548  6.0515  5.9589  5.9220
  60  0.683037  3.6967  4.6158 -0.6035  8.3533  6.8787  6.1987  6.0013  5.9126  5.8776
  61  0.688514  3.6998  4.6119 -0.5837  8.2558  6.8079  6.1437  5.9519  5.8669  5.8336
  62  0.693930  3.7029  4.6080 -0.5642  8.1611  6.7391  6.0897  5.9033  5.8222  5.7904
  63  0.699260  3.7058  4.6040 -0.5450  8.0683  6.6721  6.0369  5.8557  5.7782  5.7480
  64  0.704490  3.7087  4.5998 -0.5260  7.9779  6.6070  5.9854  5.8092  5.7351  5.7065
  65  0.709598  3.7115  4.5956 -0.5074  7.8873  6.5436  5.9352  5.7636  5.6930  5.6659
  66  0.714568  3.7142  4.5913 -0.4891  7.7990  6.4821  5.8863  5.7193  5.6518  5.6262
  67  0.719399  3.7169  4.5869 -0.4713  7.7132  6.4225  5.8386  5.6760  5.6116  5.5875
  68  0.724094  3.7194  4.5824 -0.4537  7.6298  6.3646  5.7922  5.6336  5.5722  5.5495
  69  0.728659  3.7219  4.5777 -0.4364  7.5489  6.3084  5.7468  5.5923  5.5338  5.5123
  70  0.733112  3.7243  4.5731 -0.4196  7.4705  6.2538  5.7025  5.5518  5.4960  5.4759
  71  0.737468  3.7266  4.5683 -0.4029  7.3948  6.2006  5.6593  5.5121  5.4590  5.4400
  72  0.741742  3.7289  4.5634 -0.3865  7.3213  6.1488  5.6169  5.4734  5.4227  5.4049
  73  0.745943  3.7311  4.5585 -0.3704  7.2497  6.0982  5.5754  5.4353  5.3870  5.3704
  74  0.750083  3.7332  4.5535 -0.3545  7.1802  6.0488  5.5347  5.3978  5.3520  5.3363
  75  0.754182  3.7353  4.5485 -0.3388  7.1126  6.0005  5.4947  5.3610  5.3172  5.3027
  76  0.758240  3.7372  4.5432 -0.3233  7.0468  5.9533  5.4554  5.3246  5.2830  5.2695
  77  0.762268  3.7391  4.5379 -0.3080  6.9825  5.9069  5.4166  5.2887  5.2493  5.2367
  78  0.766270  3.7410  4.5326 -0.2929  6.9199  5.8615  5.3783  5.2533  5.2158  5.2042
  79  0.770250  3.7429  4.5272 -0.2779  6.8588  5.8168  5.3407  5.2181  5.1826  5.1719
  80  0.774205  3.7446  4.5216 -0.2632  6.7993  5.7731  5.3034  5.1835  5.1497  5.1399
  81  0.778124  3.7463  4.5161 -0.2486  6.7413  5.7302  5.2668  5.1493  5.1171  5.1082
  82  0.782698  3.7483  4.5093 -0.2315  6.6743  5.6804  5.2241  5.1092  5.0791  5.0712
  83  0.787230  3.7501  4.5024 -0.2146  6.6089  5.6313  5.1819  5.0696  5.0415  5.0345
  84  0.791702  3.7519  4.4953 -0.1978  6.5450  5.5830  5.1402  5.0305  5.0041  4.9980
  85  0.796102  3.7537  4.4881 -0.1812  6.4826  5.5356  5.0991  4.9918  4.9672  4.9620
  86  0.800423  3.7553  4.4807 -0.1649  6.4217  5.4889  5.0586  4.9537  4.9306  4.9263
  87  0.804661  3.7569  4.4731 -0.1487  6.3621  5.4430  5.0188  4.9160  4.8946  4.8911
  88  0.808806  3.7585  4.4653 -0.1326  6.3040  5.3978  4.9795  4.8789  4.8590  4.8562
  89  0.812862  3.7598  4.4575 -0.1167  6.2475  5.3534  4.9407  4.8423  4.8238  4.8216
  90  0.816820  3.7613  4.4495 -0.1012  6.1925  5.3099  4.9024  4.8060  4.7889  4.7874
  91  0.820685  3.7626  4.4414 -0.0857  6.1388  5.2670  4.8647  4.7703  4.7544  4.7535
  92  0.824461  3.7639  4.4332 -0.0705  6.0865  5.2248  4.8274  4.7348  4.7201  4.7199
  93  0.828157  3.7651  4.4250 -0.0554  6.0354  5.1833  4.7906  4.6997  4.6862  4.6866
  94  0.831777  3.7663  4.4166 -0.0405  5.9855  5.1425  4.7541  4.6649  4.6526  4.6535
  95  0.835323  3.7674  4.4082 -0.0258  5.9369  5.1022  4.7181  4.6305  4.6193  4.6205
  96  0.838798  3.7684  4.3998 -0.0113  5.8893  5.0626  4.6825  4.5964  4.5861  4.5880
  97  0.842204  3.7695  4.3913  0.0031  5.8430  5.0236  4.6471  4.5625  4.5532  4.5555
  98  0.845544  3.7704  4.3828  0.0173  5.7978  4.9851  4.6122  4.5291  4.5207  4.5233
  99  0.848816  3.7714  4.3743  0.0313  5.7536  4.9472  4.5776  4.4959  4.4883  4.4915
 100  0.852016  3.7723  4.3658  0.0452  5.7104  4.9099  4.5436  4.4632  4.4565  4.4600
 101  0.855150  3.7732  4.3572  0.0588  5.6681  4.8733  4.5100  4.4308  4.4250  4.4288
 102  0.858220  3.7740  4.3486  0.0723  5.6268  4.8373  4.4769  4.3989  4.3938  4.3980
 103  0.861227  3.7748  4.3401  0.0855  5.5863  4.8018  4.4443  4.3673  4.3630  4.3676
 104  0.864179  3.7756  4.3316  0.0986  5.5466  4.7668  4.4120  4.3363  4.3326  4.3375
 105  0.867083  3.7763  4.3231  0.1115  5.5080  4.7327  4.3804  4.3057  4.3025  4.3077
 106  0.869942  3.7769  4.3145  0.1242  5.4703  4.6990  4.3491  4.2754  4.2728  4.2783
 107  0.872770  3.7776  4.3060  0.1367  5.4334  4.6660  4.3183  4.2455  4.2436  4.2493
 108  0.875561  3.7783  4.2974  0.1490  5.3974  4.6335  4.2880  4.2160  4.2146  4.2206
 109  0.878305  3.7788  4.2888  0.1612  5.3624  4.6018  4.2581  4.1869  4.1860  4.1921
 110  0.880909  3.7793  4.2804  0.1730  5.3279  4.5705  4.2288  4.1584  4.1579  4.1643
 111  0.883386  3.7798  4.2721  0.1846  5.2941  4.5398  4.2000  4.1305  4.1303  4.1370
 112  0.884475  3.7801  4.2683  0.1898  5.2792  4.5262  4.1872  4.1179  4.1180  4.1247
 113  0.885559  3.7803  4.2644  0.1951  5.2643  4.5126  4.1743  4.1053  4.1055  4.1123
 114  0.886641  3.7805  4.2604  0.2004  5.2493  4.4988  4.1612  4.0925  4.0928  4.0997
 115  0.887717  3.7806  4.2562  0.2058  5.2343  4.4849  4.1480  4.0795  4.0800  4.0870
 116  0.888791  3.7808  4.2521  0.2112  5.2193  4.4710  4.1346  4.0664  4.0671  4.0741
 117  0.889861  3.7810  4.2477  0.2166  5.2042  4.4569  4.1212  4.0532  4.0539  4.0610
 118  0.890930  3.7811  4.2433  0.2221  5.1891  4.4428  4.1076  4.0399  4.0407  4.0479
 119  0.891995  3.7812  4.2389  0.2276  5.1740  4.4285  4.0939  4.0264  4.0273  4.0346
 120  0.893058  3.7814  4.2343  0.2332  5.1589  4.4143  4.0802  4.0128  4.0138  4.0211
 121  0.894119  3.7815  4.2297  0.2388  5.1437  4.4000  4.0663  3.9991  4.0002  4.0076
 122  0.895175  3.7816  4.2250  0.2444  5.1285  4.3855  4.0523  3.9853  3.9865  3.9939
 123  0.896219  3.7817  4.2203  0.2502  5.1130  4.3709  4.0381  3.9713  3.9726  3.9800
 124  0.897265  3.7818  4.2155  0.2559  5.0976  4.3563  4.0239  3.9572  3.9586  3.9661
 125  0.898314  3.7819  4.2107  0.2617  5.0821  4.3416  4.0096  3.9431  3.9445  3.9521
 126  0.899361  3.7820  4.2057  0.2675  5.0667  4.3268  3.9952  3.9289  3.9303  3.9379
 127  0.900407  3.7821  4.2007  0.2733  5.0514  4.3120  3.9808  3.9145  3.9161  3.9236
 128  0.901452  3.7822  4.1956  0.2792  5.0361  4.2972  3.9662  3.9001  3.9017  3.9092
 129  0.902493  3.7822  4.1904  0.2851  5.0207  4.2824  3.9516  3.8855  3.8871  3.8948
 130  0.903536  3.7822  4.1851  0.2909  5.0055  4.2675  3.9369  3.8708  3.8724  3.8801
 131  0.904576  3.7822  4.1796  0.2969  4.9905  4.2525  3.9221  3.8560  3.8576  3.8652
 132  0.905613  3.7822  4.1741  0.3029  4.9754  4.2377  3.9072  3.8411  3.8426  3.8502
 133  0.906646  3.7822  4.1684  0.3088  4.9604  4.2226  3.8922  3.8260  3.8275  3.8351
 134  0.907676  3.7821  4.1626  0.3149  4.9456  4.2076  3.8770  3.8108  3.8121  3.8197
 135  0.908703  3.7820  4.1567  0.3210  4.9307  4.1926  3.8618  3.7955  3.7967  3.8043
 136  0.909726  3.7819  4.1506  0.3272  4.9160  4.1775  3.8465  3.7800  3.7812  3.7886
 137  0.910744  3.7818  4.1444  0.3333  4.9015  4.1624  3.8310  3.7644  3.7654  3.7728
 138  0.911758  3.7816  4.1380  0.3395  4.8869  4.1474  3.8155  3.7487  3.7495  3.7568
 139  0.912767  3.7814  4.1315  0.3457  4.8726  4.1323  3.7999  3.7328  3.7334  3.7407
 140  0.913772  3.7812  4.1248  0.3520  4.8585  4.1172  3.7842  3.7168  3.7172  3.7244
 141  0.914771  3.7809  4.1181  0.3582  4.8444  4.1021  3.7684  3.7007  3.7008  3.7079
 142  0.915765  3.7806  4.1111  0.3644  4.8306  4.0871  3.7525  3.6844  3.6843  3.6912
 143  0.916754  3.7803  4.1039  0.3708  4.8170  4.0720  3.7366  3.6680  3.6675  3.6744
 144  0.917738  3.7799  4.0965  0.3771  4.8037  4.0571  3.7206  3.6515  3.6505  3.6572
 145  0.918715  3.7795  4.0891  0.3836  4.7905  4.0423  3.7044  3.6348  3.6336  3.6400
 146  0.919689  3.7791  4.0814  0.3899  4.7776  4.0274  3.6883  3.6180  3.6162  3.6226
 147  0.920657  3.7786  4.0734  0.3964  4.7651  4.0127  3.6721  3.6011  3.5989  3.6049
 148  0.921621  3.7781  4.0652  0.4027  4.7531  3.9981  3.6558  3.5840  3.5813  3.5872
 149  0.922582  3.7774  4.0566  0.4091  4.7416  3.9838  3.6395  3.5668  3.5634  3.5690
 150  0.923539  3.7767  4.0477  0.4156  4.7309  3.9696  3.6231  3.5493  3.5452  3.5505
 151  0.924494  3.7758  4.0384  0.4220  4.7209  3.9558  3.6067  3.5317  3.5269  3.5318
 152  0.925448  3.7749  4.0285  0.4285  4.7119  3.9424  3.5902  3.5139  3.5081  3.5126
 153  0.926399  3.7737  4.0177  0.4349  4.7048  3.9298  3.5738  3.4957  3.4888  3.4928
 154  0.927354  3.7724  4.0068  0.4412  4.6983  3.9174  3.5573  3.4775  3.4694  3.4728
 155  0.928314  3.7709  3.9946  0.4475  4.6947  3.9062  3.5411  3.4588  3.4493  3.4521
 156  0.929289  3.7692  3.9822  0.4537  4.6926  3.8954  3.5249  3.4403  3.4290  3.4311
 157  0.930279  3.7671  3.9683  0.4598  4.6949  3.8863  3.5090  3.4212  3.4081  3.4092
 158  0.931297  3.7648  3.9536  0.4657  4.7014  3.8785  3.4931  3.4021  3.3866  3.3868
 159  0.932357  3.7621  3.9382  0.4713  4.7123  3.8725  3.4780  3.3832  3.3652  3.3641
 160  0.933454  3.7591  3.9215  0.4765  4.7305  3.8699  3.4644  3.3651  3.3441  3.3416
 161  0.934545  3.7555  3.9033  0.4804  4.7594  3.8725  3.4535  3.3488  3.3240  3.3198
 162  0.935389  3.7521  3.8883  0.4822  4.7932  3.8805  3.4488  3.3389  3.3107  3.3048
 163  0.936229  3.7481  3.8714  0.4836  4.8341  3.8917  3.4454  3.3295  3.2972  3.2894
 164  0.937064  3.7437  3.8526  0.4849  4.8828  3.9064  3.4433  3.3206  3.2834  3.2736
 165  0.937897  3.7387  3.8313  0.4866  4.9365  3.9223  3.4407  3.3102  3.2678  3.2553
 166  0.938719  3.7335  3.8071  0.4906  4.9884  3.9344  3.4335  3.2950  3.2468  3.2318
 167  0.939508  3.7286  3.7808  0.4979  5.0299  3.9377  3.4184  3.2722  3.2187  3.2012
 168  0.940224  3.7246  3.7540  0.5088  5.0544  3.9296  3.3948  3.2420  3.1839  3.1642
 169  0.940861  3.7214  3.7282  0.5220  5.0626  3.9119  3.3647  3.2067  3.1449  3.1237
 170  0.941433  3.7189  3.7040  0.5367  5.0583  3.8875  3.3307  3.1686  3.1039  3.0814
 171  0.941957  3.7170  3.6808  0.5522  5.0454  3.8586  3.2942  3.1288  3.0618  3.0383
 172  0.942444  3.7154  3.6588  0.5683  5.0261  3.8264  3.2561  3.0881  3.0191  2.9948
 173  0.942906  3.7141  3.6375  0.5847  5.0023  3.7923  3.2169  3.0467  2.9762  2.9513
 174  0.943347  3.7131  3.6168  0.6012  4.9751  3.7566  3.1770  3.0051  2.9332  2.9076
 175  0.943774  3.7121  3.5966  0.6179  4.9454  3.7197  3.1366  2.9630  2.8901  2.8639
 176  0.944188  3.7113  3.5767  0.6348  4.9139  3.6820  3.0958  2.9209  2.8469  2.8204
 177  0.944592  3.7107  3.5573  0.6516  4.8807  3.6436  3.0548  2.8786  2.8037  2.7768
 178  0.944988  3.7100  3.5380  0.6685  4.8462  3.6046  3.0135  2.8362  2.7605  2.7334
 179  0.945377  3.7095  3.5191  0.6855  4.8108  3.5653  2.9721  2.7938  2.7174  2.6899
 180  0.945763  3.7090  3.5003  0.7025  4.7748  3.5257  2.9305  2.7513  2.6743  2.6465
 181  0.946143  3.7084  3.4815  0.7194  4.7385  3.4860  2.8890  2.7089  2.6312  2.6032
 182  0.946458  3.7080  3.4656  0.7338  4.7077  3.4524  2.8539  2.6731  2.5949  2.5666
 183  0.946774  3.7076  3.4496  0.7482  4.6763  3.4183  2.8184  2.6368  2.5580  2.5297
 184  0.947088  3.7072  3.4335  0.7629  4.6443  3.3838  2.7824  2.6000  2.5208  2.4922
 185  0.947403  3.7068  3.4174  0.7777  4.6118  3.3489  2.7462  2.5632  2.4834  2.4546
 186  0.947718  3.7064  3.4011  0.7926  4.5787  3.3136  2.7095  2.5258  2.4456  2.4166
 187  0.948033  3.7061  3.3846  0.8077  4.5453  3.2777  2.6723  2.4880  2.4072  2.3780
 188  0.948347  3.7057  3.3679  0.8230  4.5116  3.2416  2.6347  2.4497  2.3684  2.3390
 189  0.948660  3.7053  3.3508  0.8388  4.4766  3.2043  2.5961  2.4104  2.3286  2.2990
 190  0.948971  3.7049  3.3333  0.8550  4.4402  3.1657  2.5562  2.3698  2.2875  2.2578
 191  0.949278  3.7045  3.3148  0.8720  4.4021  3.1255  2.5144  2.3272  2.2445  2.2145
 192  0.949581  3.7041  3.2953  0.8899  4.3624  3.0832  2.4707  2.2825  2.1992  2.1690
 193  0.949876  3.7036  3.2746  0.9089  4.3206  3.0384  2.4240  2.2350  2.1511  2.1207
 194  0.950165  3.7031  3.2527  0.9289  4.2770  2.9915  2.3751  2.1852  2.1006  2.0698
 195  0.950446  3.7026  3.2297  0.9498  4.2310  2.9421  2.3237  2.1328  2.0474  2.0165
 196  0.950720  3.7020  3.2055  0.9718  4.1832  2.8906  2.2698  2.0777  1.9917  1.9604
 197  0.950984  3.7014  3.1801  0.9948  4.1335  2.8367  2.2135  2.0203  1.9334  1.9018
 198  0.951244  3.7007  3.1540  1.0184  4.0832  2.7818  2.1560  1.9614  1.8736  1.8417
 199  0.951497  3.7000  3.1270  1.0427  4.0319  2.7253  2.0967  1.9007  1.8120  1.7797
 200  0.951742  3.6992  3.0991  1.0676  3.9797  2.6675  2.0358  1.8384  1.7486  1.7160
 201  0.951982  3.6984  3.0703  1.0932  3.9268  2.6085  1.9736  1.7746  1.6837  1.6506
 202  0.952213  3.6976  3.0409  1.1194  3.8732  2.5483  1.9099  1.7092  1.6173  1.5837
 203  0.952438  3.6967  3.0105  1.1461  3.8192  2.4871  1.8449  1.6425  1.5493  1.5153
 204  0.952654  3.6956  2.9794  1.1735  3.7650  2.4251  1.7787  1.5744  1.4799  1.4454
 205  0.952863  3.6946  2.9473  1.2014  3.7109  2.3621  1.7113  1.5049  1.4089  1.3739
 206  0.953065  3.6934  2.9145  1.2297  3.6564  2.2983  1.6429  1.4343  1.3367  1.3011
 207  0.953259  3.6923  2.8810  1.2586  3.6017  2.2338  1.5734  1.3625  1.2634  1.2271
 208  0.953443  3.6910  2.8468  1.2879  3.5472  2.1685  1.5029  1.2897  1.1889  1.1519
 209  0.953622  3.6898  2.8121  1.3177  3.4927  2.1026  1.4314  1.2158  1.1133  1.0756
 210  0.953792  3.6884  2.7767  1.3478  3.4385  2.0362  1.3593  1.1411  1.0368  0.9984
 211  0.953956  3.6870  2.7406  1.3782  3.3850  1.9696  1.2865  1.0656  0.9592  0.9201
 212  0.954111  3.6857  2.7043  1.4090  3.3312  1.9020  1.2127  0.9890  0.8811  0.8410
 213  0.954258  3.6842  2.6673  1.4402  3.2799  1.8345  1.1383  0.9118  0.8016  0.7608
 214  0.954396  3.6825  2.6281  1.4730  3.2275  1.7645  1.0605  0.8307  0.7184  0.6766
 215  0.954529  3.6808  2.5858  1.5085  3.1711  1.6890  0.9768  0.7431  0.6283  0.5855
 216  0.954663  3.6792  2.5455  1.5420  3.1192  1.6177  0.8973  0.6602  0.5429  0.4992
 217  0.954680  3.6790  2.5402  1.5466  3.1123  1.6082  0.8867  0.6490  0.5315  0.4875
 218  0.954697  3.6787  2.5350  1.5509  3.1056  1.5990  0.8764  0.6383  0.5203  0.4764
 219  0.954713  3.6785  2.5298  1.5551  3.0991  1.5900  0.8662  0.6277  0.5096  0.4653
 220  0.954731  3.6783  2.5246  1.5594  3.0926  1.5809  0.8561  0.6171  0.4986  0.4544
 221  0.954749  3.6781  2.5196  1.5637  3.0861  1.5718  0.8459  0.6065  0.4879  0.4434
 222  0.954767  3.6779  2.5145  1.5680  3.0796  1.5627  0.8358  0.5960  0.4769  0.4324
 223  0.954783  3.6776  2.5094  1.5723  3.0733  1.5537  0.8257  0.5855  0.4661  0.4215
 224  0.954801  3.6774  2.5042  1.5765  3.0669  1.5447  0.8155  0.5749  0.4553  0.4105
 225  0.954819  3.6772  2.4991  1.5807  3.0604  1.5357  0.8055  0.5644  0.4445  0.3996
 226  0.954837  3.6770  2.4940  1.5850  3.0541  1.5267  0.7954  0.5539  0.4336  0.3887
 227  0.955004  3.6752  2.4514  1.6206  2.9999  1.4504  0.7102  0.4654  0.3428  0.2967
 228  0.955160  3.6748  2.4391  1.6315  2.9792  1.4235  0.6818  0.4369  0.3142  0.2680
 229  0.955326  3.6756  2.4469  1.6266  2.9774  1.4274  0.6895  0.4470  0.3256  0.2799
 230  0.955504  3.6723  2.3780  1.6828  2.9025  1.3125  0.5577  0.3086  0.1829  0.1353
 231  0.955662  3.6694  2.3157  1.7335  2.8348  1.2091  0.4388  0.1840  0.0543  0.0051
 232  0.955802  3.6670  2.2636  1.7758  2.7805  1.1239  0.3403  0.0805 -0.0526 -0.1032
 233  0.955931  3.6657  2.2344  1.8000  2.7513  1.0764  0.2849  0.0225 -0.1124 -0.1639
 234  0.956061  3.6645  2.2102  1.8198  2.7300  1.0386  0.2399 -0.0247 -0.1613 -0.2135
 235  0.956182  3.6614  2.1442  1.8731  2.6641  0.9327  0.1167 -0.1546 -0.2959 -0.3499
 236  0.956292  3.6581  2.0760  1.9278  2.5998  0.8259 -0.0090 -0.2875 -0.4337 -0.4898
 237  0.956389  3.6546  2.0091  1.9809  2.5417  0.7241 -0.1306 -0.4163 -0.5676 -0.6258
 238  0.956475  3.6512  1.9431  2.0332  2.4869  0.6257 -0.2489 -0.5421 -0.6987 -0.7590
 239  0.956551  3.6476  1.8756  2.0864  2.4337  0.5274 -0.3683 -0.6699 -0.8321 -0.8947
 240  0.956618  3.6440  1.8103  2.1376  2.3864  0.4350 -0.4818 -0.7919 -0.9600 -1.0249
 241  0.956678  3.6407  1.7500  2.1846  2.3469  0.3525 -0.5845 -0.9033 -1.0771 -1.1440
 242  0.956731  3.6373  1.6903  2.2309  2.3095  0.2722 -0.6849 -1.0127 -1.1923 -1.2614
 243  0.956780  3.6341  1.6324  2.2758  2.2745  0.1957 -0.7817 -1.1185 -1.3039 -1.3750
 244  0.956823  3.6308  1.5750  2.3202  2.2414  0.1216 -0.8761 -1.2223 -1.4138 -1.4870
 245  0.956863  3.6276  1.5189  2.3633  2.2103  0.0510 -0.9668 -1.3230 -1.5206 -1.5959
 246  0.956898  3.6243  1.4639  2.4054  2.1811 -0.0163 -1.0538 -1.4207 -1.6246 -1.7020
 247  0.956932  3.6211  1.4099  2.4466  2.1531 -0.0806 -1.1378 -1.5160 -1.7264 -1.8058
 248  0.956961  3.6180  1.3566  2.4870  2.1268 -0.1422 -1.2186 -1.6092 -1.8262 -1.9078
 249  0.956988  3.6148  1.3049  2.5263  2.1013 -0.2012 -1.2961 -1.6995 -1.9232 -2.0066
 250  0.957013  3.6116  1.2538  2.5649  2.0765 -0.2576 -1.3706 -1.7880 -2.0187 -2.1040
 251  0.957035  3.6086  1.2038  2.6027  2.0522 -0.3124 -1.4426 -1.8748 -2.1124 -2.1992
 252  0.957056  3.6056  1.1550  2.6395  2.0284 -0.3640 -1.5106 -1.9588 -2.2034 -2.2920
 253  0.957076  3.6026  1.1070  2.6756  2.0052 -0.4122 -1.5748 -2.0405 -2.2925 -2.3830
 254  0.957093  3.5997  1.0602  2.7106  1.9830 -0.4566 -1.6345 -2.1193 -2.3791 -2.4715
 255  0.957110  3.5968  1.0140  2.7451  1.9608 -0.4976 -1.6898 -2.1959 -2.4642 -2.5585
 256  0.957125  3.5938  0.9689  2.7787  1.9380 -0.5362 -1.7403 -2.2712 -2.5478 -2.6438
 257  0.957139  3.5910  0.9247  2.8116  1.9150 -0.5718 -1.7867 -2.3442 -2.6296 -2.7274
 258  0.957152  3.5882  0.8814  2.8436  1.8921 -0.6030 -1.8274 -2.4147 -2.7094 -2.8092
 259  0.957164  3.5855  0.8389  2.8750  1.8691 -0.6303 -1.8629 -2.4832 -2.7878 -2.8895
 260  0.957175  3.5827  0.7973  2.9056  1.8455 -0.6538 -1.8936 -2.5492 -2.8641 -2.9681
 261  0.957186  3.5800  0.7566  2.9356  1.8216 -0.6732 -1.9198 -2.6123 -2.9382 -3.0446
 262  0.957195  3.5774  0.7166  2.9649  1.7973 -0.6887 -1.9413 -2.6729 -3.0104 -3.1196
 263  0.957204  3.5748  0.6777  2.9934  1.7727 -0.6995 -1.9572 -2.7303 -3.0802 -3.1927
 264  0.957213  3.5722  0.6394  3.0215  1.7475 -0.7008 -1.9605 -2.7835 -3.1481 -3.2647
 265  0.957221  3.5696  0.6018  3.0489  1.7221 -0.6948 -1.9542 -2.8330 -3.2136 -3.3352
 266  0.957229  3.5672  0.5650  3.0758  1.6961 -0.6849 -1.9435 -2.8796 -3.2774 -3.4040
 267  0.957236  3.5647  0.5291  3.1019  1.6680 -0.6723 -1.9297 -2.9228 -3.3388 -3.4714
 268  0.957243  3.5623  0.4941  3.1275  1.6403 -0.6560 -1.9121 -2.9629 -3.3978 -3.5366
 269  0.957249  3.5599  0.4594  3.1526  1.6132 -0.6360 -1.8910 -3.0000 -3.4546 -3.6003
 270  0.957255  3.5576  0.4256  3.1771  1.5863 -0.6133 -1.8676 -3.0344 -3.5093 -3.6620
 271  0.957261  3.5553  0.3924  3.2010  1.5607 -0.5867 -1.8413 -3.0658 -3.5616 -3.7219
 272  0.957266  3.5530  0.3599  3.2243  1.5363 -0.5559 -1.8119 -3.0940 -3.6114 -3.7796
 273  0.957271  3.5507  0.3278  3.2471  1.5132 -0.5219 -1.7809 -3.1191 -3.6586 -3.8355
 274  0.957276  3.5483  0.2960  3.2695  1.4951 -0.4725 -1.7445 -3.1332 -3.6982 -3.8865
 275  0.957281  3.5460  0.2648  3.2913  1.4790 -0.4236 -1.7105 -3.1458 -3.7360 -3.9355
 276  0.957285  3.5438  0.2346  3.3126  1.4635 -0.3735 -1.6762 -3.1561 -3.7712 -3.9823
 277  0.957290  3.5416  0.2054  3.3332  1.4450 -0.3277 -1.6462 -3.1690 -3.8064 -4.0286
 278  0.957293  3.5395  0.1772  3.3530  1.4273 -0.2820 -1.6167 -3.1804 -3.8393 -4.0724
 279  0.957288  3.5377  0.1530  3.3701  1.4113 -0.2444 -1.5929 -3.1912 -3.8682 -4.1105
