#NUMBER OF AGES= 1 MAGS= 6
#----------------------------------------------------       
#MIX-LEN  Y      Z          Zeff        [Fe/H] [a/Fe]
# 1.9380  0.2496 2.8198E-03 1.4353E-03  -1.07   0.40 
#----------------------------------------------------       
#**PHOTOMETRIC SYSTEM**: DECam (AB)
#----------------------------------------------------       
#AGE=10.900 EEPS=267
#EEP   M/Mo    LogTeff  LogG   LogL/Lo DECam_u DECam_g DECam_r DECam_i DECam_z DECam_Y
  12  0.110934  3.5202  5.3082 -2.7908 16.3262 14.1994 12.7341 11.5984 11.1671 11.0480
  13  0.125690  3.5234  5.2453 -2.6612 15.9310 13.8184 12.3623 11.2693 10.8466 10.7275
  14  0.143844  3.5273  5.1842 -2.5259 15.5110 13.4141 11.9688 10.9246 10.5123 10.3937
  15  0.164968  3.5329  5.1365 -2.3967 15.0897 13.0069 11.5745 10.5917 10.1943 10.0770
  16  0.184819  3.5385  5.1045 -2.2924 14.7357 12.6645 11.2446 10.3206  9.9386  9.8235
  17  0.201186  3.5428  5.0802 -2.2140 14.4716 12.4100 11.0001 10.1179  9.7468  9.6337
  18  0.215411  3.5463  5.0603 -2.1507 14.2602 12.2069 10.8049  9.9545  9.5920  9.4806
  19  0.228959  3.5492  5.0428 -2.0947 14.0741 12.0283 10.6335  9.8101  9.4551  9.3452
  20  0.242410  3.5520  5.0268 -2.0431 13.9037 11.8650 10.4769  9.6774  9.3290  9.2205
  21  0.256469  3.5545  5.0118 -1.9933 13.7408 11.7088 10.3269  9.5496  9.2075  9.1004
  22  0.272452  3.5572  4.9970 -1.9418 13.5737 11.5479 10.1723  9.4174  9.0817  8.9762
  23  0.287331  3.5594  4.9838 -1.8964 13.4277 11.4070 10.0370  9.3011  8.9710  8.8667
  24  0.299135  3.5612  4.9732 -1.8611 13.3152 11.2980  9.9323  9.2110  8.8853  8.7821
  25  0.307616  3.5625  4.9657 -1.8365 13.2369 11.2221  9.8593  9.1481  8.8254  8.7228
  26  0.313952  3.5634  4.9603 -1.8187 13.1804 11.1673  9.8066  9.1025  8.7821  8.6801
  27  0.318694  3.5640  4.9563 -1.8053 13.1381 11.1264  9.7673  9.0686  8.7498  8.6482
  28  0.322560  3.5646  4.9529 -1.7945 13.1035 11.0929  9.7352  9.0410  8.7235  8.6222
  29  0.325955  3.5651  4.9499 -1.7849 13.0724 11.0629  9.7066  9.0163  8.7001  8.5990
  30  0.329491  3.5657  4.9468 -1.7749 13.0404 11.0320  9.6770  8.9909  8.6760  8.5753
  31  0.333506  3.5663  4.9435 -1.7637 13.0044 10.9972  9.6437  8.9625  8.6492  8.5488
  32  0.338502  3.5672  4.9393 -1.7501 12.9602 10.9544  9.6026  8.9275  8.6160  8.5160
  33  0.341981  3.5675  4.9363 -1.7406 12.9297 10.9266  9.5759  8.9039  8.5932  8.4933
  34  0.372425  3.5736  4.9051 -1.6489 12.6282 10.6339  9.2964  8.6700  8.3741  8.2775
  35  0.403654  3.5811  4.8687 -1.5476 12.2868 10.3035  8.9845  8.4114  8.1338  8.0413
  36  0.420494  3.5852  4.8479 -1.4921 12.0922 10.1220  8.8193  8.2698  8.0011  7.9108
  37  0.433187  3.5889  4.8310 -1.4474 11.9325  9.9735  8.6856  8.1562  7.8953  7.8068
  38  0.444133  3.5924  4.8161 -1.4077 11.7893  9.8388  8.5642  8.0545  7.8013  7.7147
  39  0.455936  3.5965  4.8003 -1.3640 11.6298  9.6888  8.4307  7.9429  7.6986  7.6141
  40  0.467981  3.6011  4.7844 -1.3181 11.4589  9.5291  8.2909  7.8258  7.5910  7.5088
  41  0.480149  3.6062  4.7686 -1.2710 11.2802  9.3624  8.1486  7.7056  7.4805  7.4007
  42  0.491569  3.6114  4.7546 -1.2262 11.1069  9.2012  8.0147  7.5914  7.3756  7.2981
  43  0.501712  3.6163  4.7430 -1.1860 10.9478  9.0537  7.8952  7.4893  7.2818  7.2066
  44  0.510881  3.6211  4.7332 -1.1492 10.7983  8.9155  7.7860  7.3957  7.1962  7.1231
  45  0.519529  3.6259  4.7244 -1.1140 10.6521  8.7808  7.6814  7.3064  7.1146  7.0437
  46  0.528248  3.6310  4.7164 -1.0781 10.5009  8.6405  7.5739  7.2155  7.0322  6.9635
  47  0.537510  3.6367  4.7086 -1.0398 10.3342  8.4880  7.4589  7.1184  6.9444  6.8783
  48  0.547577  3.6433  4.7011 -0.9984 10.1448  8.3194  7.3335  7.0128  6.8489  6.7858
  49  0.558002  3.6504  4.6945 -0.9548  9.9299  8.1390  7.2021  6.9020  6.7492  6.6894
  50  0.568514  3.6581  4.6889 -0.9108  9.6944  7.9538  7.0690  6.7894  6.6476  6.5917
  51  0.579004  3.6657  4.6836 -0.8669  9.4506  7.7709  6.9378  6.6770  6.5459  6.4941
  52  0.584226  3.6694  4.6810 -0.8451  9.3287  7.6820  6.8734  6.6211  6.4951  6.4454
  53  0.589438  3.6732  4.6780 -0.8236  9.2074  7.5953  6.8101  6.5657  6.4446  6.3970
  54  0.594627  3.6768  4.6751 -0.8022  9.0871  7.5108  6.7479  6.5108  6.3945  6.3490
  55  0.599809  3.6803  4.6719 -0.7809  8.9674  7.4283  6.6869  6.4567  6.3449  6.3013
  56  0.604952  3.6839  4.6686 -0.7599  8.8479  7.3475  6.6269  6.4032  6.2960  6.2544
  57  0.610047  3.6873  4.6652 -0.7390  8.7271  7.2687  6.5683  6.3508  6.2479  6.2084
  58  0.615096  3.6907  4.6618 -0.7184  8.6076  7.1918  6.5107  6.2993  6.2006  6.1631
  59  0.620096  3.6941  4.6583 -0.6981  8.4916  7.1171  6.4543  6.2487  6.1541  6.1186
  60  0.625037  3.6974  4.6547 -0.6779  8.3793  7.0445  6.3990  6.1989  6.1084  6.0747
  61  0.629920  3.7005  4.6510 -0.6581  8.2732  6.9742  6.3446  6.1500  6.0633  6.0314
  62  0.634746  3.7037  4.6472 -0.6386  8.1746  6.9061  6.2911  6.1018  6.0188  5.9887
  63  0.639509  3.7067  4.6432 -0.6193  8.0842  6.8404  6.2385  6.0543  5.9749  5.9465
  64  0.644224  3.7097  4.6393 -0.6002  7.9975  6.7764  6.1867  6.0076  5.9319  5.9049
  65  0.648879  3.7126  4.6352 -0.5813  7.9139  6.7141  6.1358  5.9617  5.8894  5.8639
  66  0.653477  3.7154  4.6311 -0.5627  7.8322  6.6531  6.0860  5.9166  5.8476  5.8236
  67  0.658016  3.7182  4.6269 -0.5443  7.7516  6.5936  6.0371  5.8723  5.8065  5.7840
  68  0.662491  3.7210  4.6226 -0.5262  7.6703  6.5353  5.9894  5.8289  5.7663  5.7450
  69  0.666903  3.7236  4.6182 -0.5083  7.5891  6.4784  5.9428  5.7863  5.7268  5.7069
  70  0.671245  3.7262  4.6137 -0.4907  7.5095  6.4226  5.8971  5.7446  5.6879  5.6695
  71  0.675520  3.7287  4.6091 -0.4734  7.4319  6.3684  5.8525  5.7037  5.6499  5.6327
  72  0.679724  3.7311  4.6044 -0.4564  7.3563  6.3154  5.8088  5.6637  5.6124  5.5966
  73  0.683862  3.7334  4.5997 -0.4396  7.2828  6.2636  5.7661  5.6244  5.5758  5.5612
  74  0.687925  3.7357  4.5948 -0.4230  7.2118  6.2132  5.7242  5.5859  5.5397  5.5262
  75  0.691921  3.7379  4.5898 -0.4068  7.1434  6.1639  5.6832  5.5482  5.5043  5.4919
  76  0.695844  3.7400  4.5848 -0.3908  7.0773  6.1159  5.6430  5.5111  5.4695  5.4581
  77  0.699702  3.7421  4.5797 -0.3750  7.0128  6.0688  5.6035  5.4747  5.4352  5.4249
  78  0.703491  3.7441  4.5745 -0.3595  6.9502  6.0227  5.5648  5.4388  5.4015  5.3921
  79  0.707218  3.7461  4.5692 -0.3442  6.8892  5.9776  5.5267  5.4035  5.3682  5.3599
  80  0.710882  3.7480  4.5638 -0.3290  6.8300  5.9335  5.4893  5.3687  5.3354  5.3280
  81  0.714488  3.7497  4.5583 -0.3141  6.7723  5.8902  5.4523  5.3344  5.3029  5.2964
  82  0.719098  3.7520  4.5510 -0.2949  6.6995  5.8348  5.4050  5.2902  5.2610  5.2555
  83  0.723664  3.7542  4.5436 -0.2759  6.6283  5.7802  5.3580  5.2462  5.2191  5.2147
  84  0.728180  3.7563  4.5358 -0.2569  6.5586  5.7263  5.3111  5.2024  5.1774  5.1740
  85  0.732639  3.7585  4.5279 -0.2380  6.4903  5.6731  5.2648  5.1588  5.1358  5.1334
  86  0.737036  3.7604  4.5196 -0.2191  6.4236  5.6204  5.2189  5.1156  5.0944  5.0929
  87  0.741362  3.7622  4.5112 -0.2006  6.3583  5.5686  5.1734  5.0726  5.0532  5.0527
  88  0.745611  3.7641  4.5025 -0.1821  6.2943  5.5173  5.1284  5.0302  5.0126  5.0128
  89  0.749775  3.7659  4.4936 -0.1638  6.2318  5.4670  5.0840  4.9882  4.9723  4.9733
  90  0.753849  3.7676  4.4846 -0.1457  6.1704  5.4173  5.0404  4.9469  4.9324  4.9342
  91  0.757838  3.7692  4.4753 -0.1279  6.1104  5.3685  4.9972  4.9061  4.8931  4.8956
  92  0.761739  3.7706  4.4659 -0.1101  6.0516  5.3203  4.9546  4.8656  4.8540  4.8573
  93  0.765561  3.7721  4.4565 -0.0927  5.9942  5.2727  4.9124  4.8255  4.8152  4.8192
  94  0.769301  3.7735  4.4470 -0.0753  5.9378  5.2257  4.8707  4.7858  4.7768  4.7815
  95  0.772965  3.7749  4.4372 -0.0583  5.8828  5.1795  4.8294  4.7464  4.7386  4.7438
  96  0.776555  3.7761  4.4274 -0.0412  5.8288  5.1338  4.7884  4.7073  4.7007  4.7065
  97  0.780072  3.7774  4.4177 -0.0244  5.7758  5.0887  4.7479  4.6686  4.6631  4.6694
  98  0.783520  3.7786  4.4077 -0.0078  5.7238  5.0440  4.7077  4.6301  4.6258  4.6326
  99  0.786900  3.7798  4.3979  0.0088  5.6728  5.0000  4.6678  4.5920  4.5886  4.5959
 100  0.790213  3.7810  4.3878  0.0250  5.6227  4.9564  4.6282  4.5541  4.5517  4.5595
 101  0.793464  3.7820  4.3778  0.0412  5.5736  4.9132  4.5890  4.5165  4.5151  4.5234
 102  0.796653  3.7830  4.3677  0.0572  5.5258  4.8706  4.5500  4.4789  4.4784  4.4870
 103  0.799786  3.7841  4.3576  0.0731  5.4787  4.8284  4.5112  4.4418  4.4421  4.4512
 104  0.802862  3.7851  4.3475  0.0889  5.4324  4.7867  4.4727  4.4048  4.4060  4.4155
 105  0.805888  3.7859  4.3373  0.1044  5.3870  4.7455  4.4347  4.3680  4.3701  4.3799
 106  0.808861  3.7869  4.3270  0.1198  5.3423  4.7049  4.3970  4.3316  4.3344  4.3446
 107  0.811789  3.7877  4.3167  0.1351  5.2984  4.6647  4.3597  4.2956  4.2990  4.3096
 108  0.814679  3.7885  4.3064  0.1501  5.2552  4.6249  4.3227  4.2598  4.2639  4.2748
 109  0.817534  3.7892  4.2960  0.1650  5.2128  4.5857  4.2860  4.2242  4.2290  4.2401
 110  0.820314  3.7900  4.2857  0.1798  5.1710  4.5470  4.2497  4.1892  4.1944  4.2059
 111  0.822946  3.7908  4.2756  0.1944  5.1295  4.5088  4.2141  4.1546  4.1605  4.1723
 112  0.823921  3.7911  4.2718  0.1998  5.1139  4.4943  4.2006  4.1415  4.1477  4.1595
 113  0.824895  3.7913  4.2679  0.2054  5.0982  4.4798  4.1870  4.1284  4.1348  4.1467
 114  0.825865  3.7916  4.2639  0.2110  5.0824  4.4651  4.1733  4.1151  4.1217  4.1338
 115  0.826833  3.7919  4.2598  0.2166  5.0667  4.4504  4.1594  4.1016  4.1084  4.1206
 116  0.827795  3.7921  4.2556  0.2223  5.0508  4.4356  4.1453  4.0879  4.0949  4.1071
 117  0.828755  3.7923  4.2512  0.2280  5.0350  4.4206  4.1312  4.0740  4.0813  4.0935
 118  0.829710  3.7925  4.2468  0.2339  5.0191  4.4056  4.1169  4.0601  4.0674  4.0798
 119  0.830663  3.7928  4.2422  0.2397  5.0032  4.3904  4.1024  4.0459  4.0533  4.0658
 120  0.831610  3.7930  4.2374  0.2457  4.9872  4.3752  4.0877  4.0316  4.0392  4.0516
 121  0.832553  3.7931  4.2326  0.2517  4.9712  4.3599  4.0730  4.0171  4.0248  4.0374
 122  0.833494  3.7933  4.2277  0.2576  4.9550  4.3445  4.0582  4.0025  4.0102  4.0229
 123  0.834422  3.7934  4.2227  0.2637  4.9388  4.3288  4.0431  3.9877  3.9955  4.0082
 124  0.835348  3.7935  4.2177  0.2698  4.9226  4.3131  4.0279  3.9728  3.9807  3.9935
 125  0.836272  3.7937  4.2125  0.2759  4.9063  4.2975  4.0127  3.9577  3.9657  3.9785
 126  0.837192  3.7938  4.2073  0.2821  4.8900  4.2816  3.9973  3.9426  3.9506  3.9634
 127  0.838109  3.7939  4.2019  0.2884  4.8736  4.2658  3.9819  3.9273  3.9354  3.9483
 128  0.839020  3.7939  4.1964  0.2947  4.8573  4.2499  3.9664  3.9119  3.9200  3.9329
 129  0.839926  3.7940  4.1908  0.3009  4.8410  4.2340  3.9507  3.8963  3.9045  3.9174
 130  0.840828  3.7940  4.1851  0.3072  4.8248  4.2179  3.9349  3.8806  3.8888  3.9018
 131  0.841724  3.7940  4.1793  0.3136  4.8086  4.2020  3.9191  3.8648  3.8730  3.8859
 132  0.842613  3.7940  4.1733  0.3200  4.7925  4.1859  3.9030  3.8487  3.8569  3.8698
 133  0.843495  3.7940  4.1671  0.3265  4.7764  4.1698  3.8869  3.8326  3.8407  3.8536
 134  0.844371  3.7939  4.1607  0.3330  4.7603  4.1537  3.8706  3.8162  3.8242  3.8371
 135  0.845238  3.7938  4.1543  0.3395  4.7443  4.1375  3.8542  3.7998  3.8076  3.8204
 136  0.846099  3.7937  4.1476  0.3460  4.7283  4.1213  3.8377  3.7831  3.7909  3.8037
 137  0.846952  3.7935  4.1408  0.3526  4.7125  4.1050  3.8211  3.7663  3.7738  3.7866
 138  0.847798  3.7933  4.1338  0.3593  4.6968  4.0888  3.8044  3.7493  3.7566  3.7692
 139  0.848636  3.7931  4.1265  0.3659  4.6812  4.0726  3.7875  3.7321  3.7392  3.7517
 140  0.849466  3.7928  4.1191  0.3727  4.6658  4.0563  3.7706  3.7147  3.7215  3.7340
 141  0.850288  3.7925  4.1116  0.3794  4.6504  4.0400  3.7534  3.6972  3.7037  3.7160
 142  0.851099  3.7921  4.1037  0.3862  4.6354  4.0239  3.7362  3.6794  3.6855  3.6976
 143  0.851903  3.7916  4.0955  0.3930  4.6206  4.0077  3.7189  3.6615  3.6672  3.6792
 144  0.852699  3.7912  4.0871  0.3999  4.6060  3.9916  3.7014  3.6433  3.6486  3.6605
 145  0.853484  3.7907  4.0785  0.4067  4.5916  3.9756  3.6839  3.6250  3.6297  3.6413
 146  0.854261  3.7901  4.0696  0.4136  4.5776  3.9597  3.6662  3.6064  3.6107  3.6221
 147  0.855029  3.7895  4.0605  0.4206  4.5640  3.9439  3.6484  3.5877  3.5914  3.6025
 148  0.855786  3.7887  4.0509  0.4275  4.5508  3.9282  3.6305  3.5688  3.5717  3.5825
 149  0.856536  3.7879  4.0409  0.4344  4.5381  3.9127  3.6126  3.5496  3.5518  3.5624
 150  0.857277  3.7870  4.0307  0.4414  4.5259  3.8973  3.5946  3.5303  3.5316  3.5418
 151  0.858007  3.7859  4.0198  0.4484  4.5148  3.8824  3.5765  3.5107  3.5110  3.5207
 152  0.858730  3.7847  4.0085  0.4554  4.5047  3.8678  3.5583  3.4908  3.4901  3.4993
 153  0.859441  3.7834  3.9967  0.4624  4.4952  3.8535  3.5401  3.4707  3.4689  3.4775
 154  0.860147  3.7820  3.9848  0.4693  4.4864  3.8392  3.5218  3.4506  3.4475  3.4556
 155  0.860845  3.7805  3.9721  0.4762  4.4800  3.8256  3.5033  3.4300  3.4254  3.4328
 156  0.861537  3.7789  3.9588  0.4831  4.4748  3.8124  3.4848  3.4090  3.4030  3.4096
 157  0.862224  3.7768  3.9446  0.4899  4.4728  3.8002  3.4662  3.3878  3.3798  3.3855
 158  0.862910  3.7748  3.9296  0.4966  4.4729  3.7888  3.4477  3.3661  3.3563  3.3609
 159  0.863606  3.7724  3.9140  0.5033  4.4748  3.7780  3.4290  3.3443  3.3322  3.3358
 160  0.864315  3.7698  3.8974  0.5099  4.4797  3.7684  3.4106  3.3222  3.3077  3.3101
 161  0.865033  3.7668  3.8790  0.5163  4.4902  3.7613  3.3927  3.3000  3.2825  3.2834
 162  0.865618  3.7634  3.8613  0.5209  4.5056  3.7591  3.3794  3.2816  3.2610  3.2604
 163  0.866202  3.7598  3.8425  0.5256  4.5244  3.7582  3.3664  3.2633  3.2392  3.2369
 164  0.866783  3.7559  3.8225  0.5302  4.5469  3.7589  3.3539  3.2449  3.2169  3.2128
 165  0.867360  3.7517  3.8012  0.5351  4.5724  3.7600  3.3408  3.2257  3.1934  3.1875
 166  0.867927  3.7476  3.7789  0.5412  4.5980  3.7593  3.3257  3.2043  3.1679  3.1599
 167  0.868474  3.7436  3.7555  0.5488  4.6200  3.7548  3.3069  3.1795  3.1388  3.1289
 168  0.868985  3.7399  3.7314  0.5583  4.6349  3.7449  3.2838  3.1507  3.1061  3.0943
 169  0.869454  3.7366  3.7076  0.5696  4.6408  3.7291  3.2566  3.1186  3.0706  3.0573
 170  0.869881  3.7340  3.6847  0.5822  4.6384  3.7081  3.2264  3.0844  3.0335  3.0188
 171  0.870272  3.7318  3.6626  0.5956  4.6292  3.6833  3.1939  3.0484  2.9951  2.9793
 172  0.870635  3.7300  3.6413  0.6097  4.6142  3.6556  3.1599  3.0117  2.9563  2.9395
 173  0.870977  3.7284  3.6210  0.6240  4.5950  3.6258  3.1247  2.9743  2.9171  2.8996
 174  0.871301  3.7271  3.6011  0.6389  4.5722  3.5943  3.0889  2.9364  2.8778  2.8596
 175  0.871611  3.7260  3.5819  0.6539  4.5470  3.5616  3.0524  2.8983  2.8384  2.8197
 176  0.871910  3.7250  3.5631  0.6689  4.5201  3.5280  3.0157  2.8600  2.7990  2.7797
 177  0.872200  3.7242  3.5447  0.6840  4.4912  3.4939  2.9787  2.8216  2.7596  2.7399
 178  0.872483  3.7234  3.5266  0.6993  4.4611  3.4591  2.9413  2.7831  2.7202  2.7001
 179  0.872760  3.7227  3.5087  0.7145  4.4299  3.4238  2.9039  2.7446  2.6809  2.6604
 180  0.873031  3.7220  3.4910  0.7298  4.3983  3.3884  2.8663  2.7060  2.6416  2.6208
 181  0.873299  3.7215  3.4735  0.7452  4.3660  3.3527  2.8288  2.6674  2.6022  2.5810
 182  0.873552  3.7210  3.4568  0.7598  4.3350  3.3187  2.7928  2.6306  2.5648  2.5434
 183  0.873805  3.7204  3.4400  0.7745  4.3033  3.2841  2.7565  2.5935  2.5270  2.5054
 184  0.874058  3.7200  3.4232  0.7895  4.2708  3.2490  2.7198  2.5560  2.4888  2.4669
 185  0.874310  3.7194  3.4066  0.8045  4.2376  3.2135  2.6828  2.5182  2.4506  2.4283
 186  0.874562  3.7190  3.3898  0.8197  4.2039  3.1777  2.6455  2.4801  2.4118  2.3895
 187  0.874814  3.7186  3.3727  0.8350  4.1692  3.1412  2.6077  2.4415  2.3727  2.3501
 188  0.875065  3.7182  3.3556  0.8506  4.1340  3.1044  2.5694  2.4026  2.3332  2.3104
 189  0.875316  3.7177  3.3384  0.8663  4.0982  3.0670  2.5306  2.3630  2.2932  2.2701
 190  0.875565  3.7174  3.3210  0.8822  4.0616  3.0290  2.4914  2.3231  2.2527  2.2295
 191  0.875816  3.7169  3.3033  0.8984  4.0246  2.9906  2.4515  2.2824  2.2115  2.1881
 192  0.876063  3.7166  3.2853  0.9149  3.9869  2.9513  2.4110  2.2411  2.1697  2.1460
 193  0.876307  3.7161  3.2663  0.9322  3.9471  2.9100  2.3683  2.1976  2.1256  2.1018
 194  0.876545  3.7157  3.2463  0.9505  3.9052  2.8666  2.3233  2.1517  2.0792  2.0551
 195  0.876777  3.7152  3.2254  0.9696  3.8615  2.8210  2.2761  2.1038  2.0306  2.0063
 196  0.877004  3.7147  3.2035  0.9896  3.8159  2.7735  2.2270  2.0536  1.9798  1.9552
 197  0.877225  3.7142  3.1806  1.0104  3.7686  2.7241  2.1757  2.0013  1.9268  1.9020
 198  0.877440  3.7136  3.1572  1.0318  3.7202  2.6734  2.1230  1.9477  1.8724  1.8473
 199  0.877648  3.7130  3.1326  1.0540  3.6704  2.6209  2.0684  1.8920  1.8159  1.7905
 200  0.877853  3.7123  3.1075  1.0768  3.6193  2.5671  2.0125  1.8349  1.7581  1.7324
 201  0.878052  3.7117  3.0815  1.1002  3.5676  2.5122  1.9552  1.7763  1.6986  1.6726
 202  0.878245  3.7110  3.0550  1.1241  3.5149  2.4560  1.8966  1.7165  1.6378  1.6114
 203  0.878431  3.7102  3.0276  1.1485  3.4616  2.3988  1.8366  1.6552  1.5756  1.5488
 204  0.878614  3.7095  2.9997  1.1734  3.4076  2.3406  1.7757  1.5929  1.5122  1.4850
 205  0.878789  3.7086  2.9708  1.1987  3.3535  2.2818  1.7136  1.5292  1.4474  1.4197
 206  0.878959  3.7077  2.9414  1.2246  3.2989  2.2220  1.6507  1.4646  1.3816  1.3534
 207  0.879123  3.7067  2.9114  1.2508  3.2441  2.1614  1.5867  1.3990  1.3146  1.2859
 208  0.879282  3.7057  2.8807  1.2775  3.1892  2.1002  1.5217  1.3321  1.2466  1.2172
 209  0.879434  3.7046  2.8495  1.3046  3.1340  2.0382  1.4560  1.2645  1.1775  1.1477
 210  0.879581  3.7035  2.8176  1.3320  3.0790  1.9758  1.3894  1.1959  1.1074  1.0770
 211  0.879722  3.7024  2.7851  1.3598  3.0254  1.9131  1.3222  1.1265  1.0364  1.0053
 212  0.879858  3.7012  2.7527  1.3879  2.9711  1.8490  1.2537  1.0560  0.9646  0.9328
 213  0.879986  3.7001  2.7196  1.4163  2.9183  1.7848  1.1846  0.9848  0.8918  0.8594
 214  0.880110  3.6988  2.6860  1.4450  2.8662  1.7205  1.1149  0.9129  0.8182  0.7851
 215  0.880228  3.6975  2.6518  1.4739  2.8152  1.6559  1.0447  0.8403  0.7440  0.7101
 216  0.880341  3.6960  2.6171  1.5031  2.7656  1.5915  0.9742  0.7671  0.6690  0.6344
 217  0.880358  3.6959  2.6117  1.5077  2.7578  1.5815  0.9632  0.7558  0.6573  0.6226
 218  0.880374  3.6957  2.6062  1.5123  2.7499  1.5713  0.9520  0.7442  0.6455  0.6107
 219  0.880392  3.6954  2.6009  1.5168  2.7418  1.5610  0.9410  0.7327  0.6338  0.5987
 220  0.880409  3.6952  2.5955  1.5215  2.7336  1.5506  0.9297  0.7211  0.6219  0.5868
 221  0.880426  3.6950  2.5900  1.5261  2.7255  1.5402  0.9184  0.7094  0.6100  0.5747
 222  0.880442  3.6948  2.5844  1.5308  2.7177  1.5299  0.9072  0.6977  0.5981  0.5625
 223  0.880458  3.6946  2.5789  1.5355  2.7096  1.5195  0.8958  0.6860  0.5859  0.5504
 224  0.880475  3.6943  2.5733  1.5402  2.7015  1.5091  0.8843  0.6741  0.5739  0.5381
 225  0.880492  3.6941  2.5677  1.5450  2.6936  1.4987  0.8729  0.6623  0.5617  0.5260
 226  0.880509  3.6939  2.5621  1.5498  2.6855  1.4882  0.8613  0.6504  0.5495  0.5135
 227  0.880669  3.6915  2.5029  1.5993  2.6041  1.3796  0.7417  0.5261  0.4222  0.3848
 228  0.880810  3.6890  2.4435  1.6485  2.5275  1.2735  0.6234  0.4028  0.2955  0.2568
 229  0.880939  3.6864  2.3854  1.6965  2.4548  1.1708  0.5082  0.2827  0.1720  0.1318
 230  0.881055  3.6841  2.3345  1.7385  2.3908  1.0812  0.4078  0.1778  0.0641  0.0227
 231  0.881161  3.6822  2.2900  1.7751  2.3335  1.0031  0.3204  0.0865 -0.0297 -0.0723
 232  0.881263  3.6811  2.2636  1.7973  2.2959  0.9546  0.2670  0.0309 -0.0867 -0.1298
 233  0.881364  3.6824  2.2832  1.7829  2.3076  0.9810  0.2995  0.0661 -0.0498 -0.0921
 234  0.881479  3.6819  2.2669  1.7975  2.2771  0.9466  0.2635  0.0293 -0.0871 -0.1298
 235  0.881591  3.6787  2.1977  1.8535  2.1966  0.8299  0.1309 -0.1100 -0.2309 -0.2754
 236  0.881689  3.6757  2.1334  1.9057  2.1222  0.7219  0.0081 -0.2391 -0.3641 -0.4103
 237  0.881776  3.6728  2.0729  1.9548  2.0545  0.6214 -0.1067 -0.3600 -0.4891 -0.5370
 238  0.881855  3.6701  2.0169  2.0001  1.9949  0.5300 -0.2119 -0.4709 -0.6040 -0.6535
 239  0.881926  3.6676  1.9687  2.0384  1.9497  0.4546 -0.2999 -0.5644 -0.7010 -0.7521
 240  0.881992  3.6647  1.9110  2.0845  1.8963  0.3643 -0.4056 -0.6766 -0.8176 -0.8706
 241  0.882051  3.6615  1.8502  2.1327  1.8422  0.2705 -0.5161 -0.7939 -0.9396 -0.9946
 242  0.882106  3.6584  1.7905  2.1801  1.7919  0.1800 -0.6236 -0.9085 -1.0589 -1.1158
 243  0.882154  3.6553  1.7317  2.2263  1.7448  0.0923 -0.7284 -1.0203 -1.1755 -1.2343
 244  0.882197  3.6522  1.6731  2.2723  1.7000  0.0062 -0.8321 -1.1313 -1.2912 -1.3520
 245  0.882236  3.6491  1.6167  2.3166  1.6596 -0.0754 -0.9314 -1.2376 -1.4023 -1.4651
 246  0.882271  3.6461  1.5621  2.3592  1.6238 -0.1526 -1.0265 -1.3397 -1.5089 -1.5737
 247  0.882303  3.6431  1.5088  2.4007  1.5921 -0.2258 -1.1182 -1.4384 -1.6124 -1.6790
 248  0.882332  3.6401  1.4557  2.4416  1.5639 -0.2964 -1.2077 -1.5354 -1.7142 -1.7828
 249  0.882359  3.6371  1.4040  2.4813  1.5387 -0.3634 -1.2938 -1.6290 -1.8128 -1.8835
 250  0.882382  3.6341  1.3531  2.5203  1.5161 -0.4276 -1.3773 -1.7204 -1.9092 -1.9819
 251  0.882405  3.6311  1.3030  2.5587  1.4958 -0.4893 -1.4587 -1.8098 -2.0038 -2.0784
 252  0.882425  3.6282  1.2541  2.5959  1.4779 -0.5479 -1.5371 -1.8964 -2.0955 -2.1722
 253  0.882444  3.6254  1.2060  2.6325  1.4622 -0.6042 -1.6139 -1.9811 -2.1854 -2.2641
 254  0.882461  3.6225  1.1590  2.6682  1.4482 -0.6576 -1.6879 -2.0632 -2.2727 -2.3535
 255  0.882477  3.6198  1.1129  2.7034  1.4347 -0.7092 -1.7598 -2.1435 -2.3584 -2.4410
 256  0.882492  3.6170  1.0679  2.7375  1.4226 -0.7581 -1.8290 -2.2213 -2.4416 -2.5261
 257  0.882505  3.6143  1.0237  2.7709  1.4112 -0.8047 -1.8957 -2.2969 -2.5228 -2.6094
 258  0.882518  3.6117  0.9802  2.8037  1.4015 -0.8488 -1.9600 -2.3708 -2.6024 -2.6910
 259  0.882529  3.6090  0.9376  2.8357  1.3922 -0.8908 -2.0219 -2.4426 -2.6799 -2.7705
 260  0.882540  3.6064  0.8961  2.8668  1.3828 -0.9312 -2.0821 -2.5125 -2.7555 -2.8479
 261  0.882551  3.6040  0.8554  2.8975  1.3735 -0.9700 -2.1405 -2.5806 -2.8293 -2.9235
 262  0.882560  3.6014  0.8155  2.9274  1.3643 -1.0070 -2.1969 -2.6472 -2.9018 -2.9978
 263  0.882569  3.5990  0.7767  2.9565  1.3549 -1.0419 -2.2506 -2.7115 -2.9721 -3.0697
 264  0.882577  3.5966  0.7382  2.9853  1.3452 -1.0755 -2.3028 -2.7750 -3.0413 -3.1408
 265  0.882584  3.5942  0.7006  3.0134  1.3347 -1.1076 -2.3529 -2.8368 -3.1093 -3.2104
 266  0.882592  3.5919  0.6639  3.0409  1.3240 -1.1377 -2.4004 -2.8969 -3.1756 -3.2785
 267  0.882599  3.5896  0.6279  3.0678  1.3125 -1.1660 -2.4454 -2.9554 -3.2405 -3.3450
 268  0.882605  3.5874  0.5927  3.0939  1.3012 -1.1919 -2.4872 -3.0119 -3.3036 -3.4098
 269  0.882611  3.5852  0.5582  3.1197  1.2883 -1.2171 -2.5278 -3.0677 -3.3660 -3.4738
 270  0.882617  3.5830  0.5243  3.1448  1.2754 -1.2402 -2.5656 -3.1221 -3.4272 -3.5364
 271  0.882622  3.5808  0.4911  3.1694  1.2623 -1.2598 -2.5998 -3.1746 -3.4871 -3.5978
 272  0.882627  3.5788  0.4586  3.1935  1.2482 -1.2779 -2.6315 -3.2260 -3.5458 -3.6582
 273  0.882632  3.5766  0.4265  3.2170  1.2335 -1.2942 -2.6596 -3.2759 -3.6035 -3.7173
 274  0.882636  3.5745  0.3951  3.2401  1.2182 -1.3081 -2.6844 -3.3244 -3.6600 -3.7754
 275  0.882641  3.5723  0.3637  3.2624  1.2046 -1.3161 -2.7022 -3.3698 -3.7146 -3.8319
 276  0.882645  3.5702  0.3337  3.2843  1.1885 -1.3258 -2.7206 -3.4148 -3.7680 -3.8872
 277  0.882649  3.5683  0.3045  3.3056  1.1721 -1.3333 -2.7355 -3.4578 -3.8200 -3.9408
 278  0.882653  3.5664  0.2766  3.3260  1.1554 -1.3388 -2.7472 -3.4983 -3.8696 -3.9924
