#NUMBER OF AGES= 1 MAGS= 6
#----------------------------------------------------       
#MIX-LEN  Y      Z          Zeff        [Fe/H] [a/Fe]
# 1.9380  0.2538 5.4212E-03 2.7595E-03  -0.78   0.40 
#----------------------------------------------------       
#**PHOTOMETRIC SYSTEM**: DECam (AB)
#----------------------------------------------------       
#AGE= 6.000 EEPS=271
#EEP   M/Mo    LogTeff  LogG   LogL/Lo DECam_u DECam_g DECam_r DECam_i DECam_z DECam_Y
   9  0.106222  3.5144  5.3188 -2.8436 16.4167 14.4422 13.0224 11.7624 11.2815 11.1478
  10  0.121251  3.5156  5.2529 -2.7157 16.0564 14.0963 12.6825 11.4413 10.9630 10.8285
  11  0.140692  3.5171  5.1838 -2.5756 15.6598 13.7140 12.3070 11.0890 10.6148 10.4797
  12  0.170647  3.5217  5.1191 -2.4091 15.1611 13.2227 11.8276 10.6619 10.2013 10.0676
  13  0.202736  3.5285  5.0764 -2.2643 14.6979 12.7596 11.3790 10.2839  9.8434  9.7131
  14  0.226257  3.5331  5.0483 -2.1701 14.3962 12.4586 11.0872 10.0384  9.6113  9.4837
  15  0.245315  3.5367  5.0276 -2.1001 14.1709 12.2347 10.8704  9.8561  9.4391  9.3138
  16  0.263068  3.5397  5.0101 -2.0404 13.9798 12.0445 10.6867  9.7008  9.2925  9.1689
  17  0.279579  3.5424  4.9949 -1.9879 13.8122 11.8784 10.5263  9.5648  9.1638  9.0419
  18  0.292688  3.5444  4.9825 -1.9472 13.6828 11.7505 10.4025  9.4595  9.0642  8.9436
  19  0.302417  3.5460  4.9725 -1.9167 13.5871 11.6558 10.3109  9.3813  8.9899  8.8704
  20  0.309383  3.5470  4.9645 -1.8945 13.5179 11.5874 10.2445  9.3243  8.9358  8.8168
  21  0.314626  3.5478  4.9582 -1.8778 13.4661 11.5360 10.1947  9.2813  8.8950  8.7764
  22  0.318689  3.5484  4.9532 -1.8649 13.4265 11.4969 10.1567  9.2483  8.8634  8.7452
  23  0.322127  3.5489  4.9492 -1.8541 13.3933 11.4639 10.1248  9.2207  8.8372  8.7194
  24  0.325417  3.5494  4.9454 -1.8441 13.3621 11.4330 10.0948  9.1949  8.8127  8.6951
  25  0.329517  3.5500  4.9419 -1.8326 13.3261 11.3971 10.0602  9.1654  8.7849  8.6677
  26  0.335280  3.5509  4.9374 -1.8169 13.2765 11.3475 10.0125  9.1249  8.7467  8.6301
  27  0.344213  3.5523  4.9307 -1.7933 13.2020 11.2729  9.9409  9.0641  8.6895  8.5738
  28  0.405137  3.5648  4.8754 -1.6181 12.6351 10.6946  9.3883  8.6080  8.2675  8.1608
  29  0.433988  3.5725  4.8410 -1.5220 12.3116 10.3751  9.0817  8.3628  8.0420  7.9396
  30  0.444991  3.5759  4.8272 -1.4838 12.1845 10.2439  8.9547  8.2646  7.9534  7.8531
  31  0.454694  3.5790  4.8151 -1.4502 12.0715 10.1279  8.8428  8.1782  7.8754  7.7770
  32  0.466009  3.5826  4.8014 -1.4110 11.9361  9.9928  8.7154  8.0776  7.7843  7.6880
  33  0.477900  3.5867  4.7870 -1.3692 11.7892  9.8473  8.5802  7.9702  7.6871  7.5932
  34  0.489657  3.5910  4.7730 -1.3272 11.6401  9.7004  8.4457  7.8629  7.5902  7.4987
  35  0.500761  3.5953  4.7604 -1.2873 11.4967  9.5593  8.3196  7.7611  7.4980  7.4088
  36  0.511183  3.5996  4.7492 -1.2501 11.3621  9.4258  8.2017  7.6658  7.4120  7.3250
  37  0.521267  3.6040  4.7390 -1.2142 11.2320  9.2948  8.0864  7.5733  7.3290  7.2442
  38  0.531872  3.6088  4.7287 -1.1761 11.0944  9.1539  7.9630  7.4753  7.2416  7.1594
  39  0.543235  3.6142  4.7184 -1.1351 10.9442  8.9986  7.8294  7.3695  7.1476  7.0681
  40  0.556172  3.6207  4.7078 -1.0882 10.7691  8.8167  7.6769  7.2488  7.0408  6.9645
  41  0.571367  3.6288  4.6969 -1.0331 10.5515  8.5968  7.4983  7.1071  6.9156  6.8431
  42  0.587949  3.6386  4.6877 -0.9723 10.2852  8.3428  7.3005  6.9504  6.7778  6.7100
  43  0.605070  3.6493  4.6801 -0.9095  9.9731  8.0726  7.0981  6.7881  6.6342  6.5718
  44  0.622125  3.6601  4.6731 -0.8476  9.6342  7.8065  6.9039  6.6272  6.4898  6.4333
  45  0.639005  3.6706  4.6662 -0.7873  9.2891  7.5531  6.7201  6.4700  6.3473  6.2969
  46  0.656235  3.6809  4.6589 -0.7270  8.9330  7.3084  6.5425  6.3147  6.2057  6.1614
  47  0.673704  3.6909  4.6508 -0.6677  8.5867  7.0784  6.3733  6.1644  6.0680  6.0297
  48  0.690556  3.7001  4.6423 -0.6116  8.2936  6.8723  6.2156  6.0237  5.9388  5.9057
  49  0.705937  3.7084  4.6338 -0.5603  8.0470  6.6923  6.0740  5.8967  5.8219  5.7933
  50  0.719472  3.7156  4.6254 -0.5148  7.8255  6.5370  5.9510  5.7858  5.7196  5.6948
  51  0.731133  3.7217  4.6174 -0.4755  7.6346  6.4064  5.8467  5.6914  5.6322  5.6107
  52  0.736935  3.7247  4.6133 -0.4559  7.5412  6.3425  5.7957  5.6449  5.5891  5.5693
  53  0.742665  3.7276  4.6090 -0.4368  7.4511  6.2806  5.7458  5.5996  5.5470  5.5287
  54  0.748363  3.7304  4.6048 -0.4179  7.3638  6.2201  5.6970  5.5552  5.5057  5.4889
  55  0.754060  3.7331  4.6003 -0.3992  7.2789  6.1610  5.6490  5.5114  5.4650  5.4495
  56  0.759774  3.7358  4.5958 -0.3807  7.1961  6.1030  5.6017  5.4681  5.4247  5.4105
  57  0.765502  3.7384  4.5912 -0.3624  7.1153  6.0462  5.5550  5.4254  5.3848  5.3720
  58  0.771243  3.7410  4.5864 -0.3442  7.0363  5.9903  5.5090  5.3831  5.3452  5.3336
  59  0.776992  3.7435  4.5813 -0.3260  6.9592  5.9352  5.4632  5.3410  5.3056  5.2953
  60  0.782733  3.7459  4.5762 -0.3079  6.8838  5.8809  5.4178  5.2990  5.2662  5.2571
  61  0.788433  3.7482  4.5709 -0.2900  6.8099  5.8276  5.3729  5.2574  5.2269  5.2190
  62  0.794076  3.7506  4.5654 -0.2722  6.7378  5.7749  5.3286  5.2162  5.1881  5.1813
  63  0.799656  3.7528  4.5596 -0.2545  6.6672  5.7232  5.2847  5.1754  5.1495  5.1440
  64  0.805161  3.7549  4.5538 -0.2370  6.5982  5.6722  5.2415  5.1351  5.1115  5.1069
  65  0.810593  3.7570  4.5478 -0.2197  6.5309  5.6220  5.1988  5.0954  5.0738  5.0703
  66  0.815952  3.7590  4.5417 -0.2026  6.4646  5.5727  5.1570  5.0565  5.0369  5.0343
  67  0.821247  3.7610  4.5354 -0.1857  6.4001  5.5242  5.1159  5.0182  5.0004  4.9989
  68  0.826479  3.7629  4.5290 -0.1690  6.3373  5.4766  5.0754  4.9804  4.9645  4.9638
  69  0.831657  3.7647  4.5226 -0.1525  6.2760  5.4297  5.0355  4.9430  4.9290  4.9292
  70  0.836798  3.7665  4.5159 -0.1361  6.2164  5.3837  4.9961  4.9062  4.8938  4.8948
  71  0.841902  3.7682  4.5092 -0.1200  6.1584  5.3382  4.9571  4.8696  4.8588  4.8606
  72  0.846965  3.7698  4.5023 -0.1041  6.1017  5.2936  4.9185  4.8334  4.8242  4.8267
  73  0.851962  3.7714  4.4955 -0.0883  6.0466  5.2497  4.8804  4.7976  4.7899  4.7931
  74  0.856901  3.7729  4.4885 -0.0728  5.9934  5.2064  4.8426  4.7620  4.7557  4.7596
  75  0.861766  3.7744  4.4817 -0.0575  5.9416  5.1639  4.8052  4.7267  4.7218  4.7263
  76  0.866558  3.7759  4.4747 -0.0423  5.8910  5.1220  4.7682  4.6917  4.6882  4.6933
  77  0.871251  3.7772  4.4677 -0.0273  5.8414  5.0808  4.7318  4.6573  4.6551  4.6607
  78  0.875848  3.7787  4.4607 -0.0127  5.7932  5.0403  4.6960  4.6234  4.6224  4.6286
  79  0.880332  3.7800  4.4539  0.0018  5.7460  5.0007  4.6607  4.5900  4.5902  4.5971
  80  0.884705  3.7813  4.4472  0.0161  5.6998  4.9617  4.6261  4.5573  4.5587  4.5661
  81  0.888971  3.7826  4.4404  0.0300  5.6547  4.9235  4.5922  4.5252  4.5278  4.5357
  82  0.893280  3.7839  4.4336  0.0442  5.6092  4.8847  4.5576  4.4925  4.4962  4.5047
  83  0.897477  3.7852  4.4268  0.0580  5.5646  4.8467  4.5239  4.4606  4.4654  4.4744
  84  0.901570  3.7864  4.4201  0.0717  5.5207  4.8096  4.4909  4.4294  4.4352  4.4447
  85  0.905566  3.7876  4.4135  0.0852  5.4777  4.7732  4.4586  4.3988  4.4057  4.4157
  86  0.909475  3.7888  4.4068  0.0984  5.4357  4.7374  4.4268  4.3686  4.3765  4.3869
  87  0.913303  3.7900  4.4002  0.1114  5.3946  4.7023  4.3955  4.3389  4.3477  4.3587
  88  0.917055  3.7910  4.3936  0.1241  5.3543  4.6679  4.3647  4.3096  4.3193  4.3308
  89  0.920735  3.7921  4.3869  0.1367  5.3150  4.6340  4.3343  4.2807  4.2913  4.3031
  90  0.924348  3.7931  4.3801  0.1492  5.2765  4.6006  4.3043  4.2522  4.2635  4.2758
  91  0.927894  3.7940  4.3734  0.1615  5.2388  4.5678  4.2748  4.2240  4.2361  4.2488
  92  0.931370  3.7950  4.3666  0.1735  5.2019  4.5356  4.2457  4.1962  4.2090  4.2221
  93  0.934770  3.7958  4.3598  0.1854  5.1658  4.5039  4.2170  4.1688  4.1823  4.1958
  94  0.938087  3.7967  4.3531  0.1971  5.1305  4.4728  4.1888  4.1418  4.1560  4.1698
  95  0.941321  3.7974  4.3463  0.2085  5.0962  4.4423  4.1611  4.1153  4.1301  4.1442
  96  0.944465  3.7983  4.3396  0.2197  5.0627  4.4126  4.1340  4.0893  4.1047  4.1191
  97  0.947514  3.7990  4.3331  0.2307  5.0300  4.3834  4.1073  4.0638  4.0798  4.0945
  98  0.950410  3.7996  4.3266  0.2413  4.9986  4.3554  4.0817  4.0391  4.0557  4.0707
  99  0.953093  3.8003  4.3205  0.2514  4.9688  4.3286  4.0574  4.0158  4.0328  4.0480
 100  0.955559  3.8010  4.3146  0.2609  4.9405  4.3033  4.0343  3.9937  4.0112  4.0267
 101  0.957906  3.8016  4.3090  0.2701  4.9130  4.2788  4.0119  3.9723  3.9903  4.0060
 102  0.960409  3.8022  4.3030  0.2796  4.8850  4.2535  3.9887  3.9500  3.9685  3.9844
 103  0.963100  3.8028  4.2967  0.2894  4.8564  4.2276  3.9649  3.9271  3.9459  3.9621
 104  0.965861  3.8033  4.2903  0.2992  4.8282  4.2018  3.9410  3.9040  3.9232  3.9397
 105  0.968657  3.8038  4.2838  0.3089  4.8002  4.1762  3.9173  3.8811  3.9006  3.9172
 106  0.971446  3.8042  4.2774  0.3186  4.7726  4.1509  3.8937  3.8582  3.8782  3.8949
 107  0.974217  3.8048  4.2707  0.3282  4.7455  4.1260  3.8703  3.8355  3.8557  3.8727
 108  0.976954  3.8051  4.2640  0.3376  4.7190  4.1013  3.8472  3.8129  3.8335  3.8506
 109  0.979626  3.8055  4.2574  0.3470  4.6929  4.0769  3.8242  3.7906  3.8114  3.8286
 110  0.982201  3.8059  4.2507  0.3563  4.6671  4.0529  3.8016  3.7685  3.7895  3.8070
 111  0.984689  3.8063  4.2442  0.3653  4.6416  4.0292  3.7791  3.7468  3.7680  3.7856
 112  0.986242  3.8064  4.2402  0.3710  4.6261  4.0146  3.7653  3.7333  3.7547  3.7723
 113  0.987797  3.8066  4.2360  0.3766  4.6103  3.9998  3.7514  3.7197  3.7413  3.7589
 114  0.989354  3.8069  4.2317  0.3824  4.5944  3.9849  3.7373  3.7059  3.7276  3.7453
 115  0.990914  3.8071  4.2273  0.3882  4.5784  3.9698  3.7229  3.6919  3.7137  3.7315
 116  0.992472  3.8073  4.2229  0.3941  4.5623  3.9546  3.7085  3.6777  3.6996  3.7176
 117  0.994030  3.8074  4.2184  0.4000  4.5461  3.9392  3.6938  3.6634  3.6854  3.7034
 118  0.995576  3.8076  4.2137  0.4059  4.5298  3.9238  3.6791  3.6489  3.6711  3.6891
 119  0.997101  3.8077  4.2090  0.4120  4.5135  3.9083  3.6642  3.6343  3.6566  3.6747
 120  0.998623  3.8079  4.2042  0.4181  4.4969  3.8925  3.6492  3.6196  3.6419  3.6601
 121  1.000147  3.8081  4.1994  0.4242  4.4803  3.8767  3.6340  3.6046  3.6270  3.6453
 122  1.001671  3.8082  4.1944  0.4304  4.4636  3.8607  3.6187  3.5895  3.6120  3.6304
 123  1.003165  3.8084  4.1894  0.4366  4.4467  3.8446  3.6032  3.5743  3.5968  3.6152
 124  1.004643  3.8085  4.1842  0.4430  4.4295  3.8283  3.5875  3.5589  3.5815  3.6000
 125  1.006123  3.8086  4.1791  0.4494  4.4122  3.8119  3.5716  3.5433  3.5660  3.5845
 126  1.007603  3.8088  4.1738  0.4558  4.3950  3.7953  3.5557  3.5276  3.5504  3.5689
 127  1.009085  3.8089  4.1684  0.4623  4.3778  3.7788  3.5397  3.5118  3.5346  3.5532
 128  1.010567  3.8090  4.1630  0.4688  4.3604  3.7621  3.5235  3.4958  3.5187  3.5374
 129  1.012051  3.8091  4.1575  0.4753  4.3430  3.7453  3.5072  3.4797  3.5027  3.5213
 130  1.013536  3.8091  4.1518  0.4819  4.3257  3.7285  3.4907  3.4634  3.4863  3.5050
 131  1.015024  3.8091  4.1458  0.4885  4.3086  3.7116  3.4742  3.4469  3.4698  3.4885
 132  1.016514  3.8092  4.1398  0.4952  4.2916  3.6948  3.4573  3.4302  3.4530  3.4718
 133  1.018005  3.8091  4.1336  0.5020  4.2745  3.6778  3.4405  3.4133  3.4361  3.4548
 134  1.019496  3.8091  4.1273  0.5087  4.2574  3.6607  3.4235  3.3963  3.4190  3.4377
 135  1.020986  3.8090  4.1208  0.5156  4.2404  3.6436  3.4063  3.3791  3.4017  3.4204
 136  1.022475  3.8089  4.1142  0.5224  4.2234  3.6265  3.3891  3.3617  3.3842  3.4028
 137  1.023962  3.8088  4.1074  0.5293  4.2065  3.6092  3.3717  3.3442  3.3665  3.3851
 138  1.025448  3.8087  4.1005  0.5363  4.1897  3.5920  3.3541  3.3264  3.3487  3.3672
 139  1.026932  3.8084  4.0935  0.5433  4.1729  3.5747  3.3363  3.3085  3.3306  3.3490
 140  1.028415  3.8083  4.0862  0.5503  4.1562  3.5573  3.3185  3.2904  3.3122  3.3306
 141  1.029898  3.8080  4.0787  0.5574  4.1397  3.5399  3.3005  3.2720  3.2937  3.3119
 142  1.031378  3.8078  4.0711  0.5645  4.1232  3.5225  3.2823  3.2536  3.2748  3.2930
 143  1.032853  3.8074  4.0632  0.5717  4.1070  3.5052  3.2639  3.2348  3.2558  3.2738
 144  1.034325  3.8070  4.0552  0.5789  4.0908  3.4877  3.2455  3.2158  3.2365  3.2544
 145  1.035791  3.8066  4.0469  0.5861  4.0748  3.4703  3.2268  3.1966  3.2169  3.2347
 146  1.037252  3.8061  4.0383  0.5934  4.0592  3.4529  3.2080  3.1772  3.1971  3.2146
 147  1.038706  3.8056  4.0296  0.6007  4.0438  3.4355  3.1892  3.1575  3.1770  3.1943
 148  1.040156  3.8051  4.0205  0.6081  4.0286  3.4183  3.1700  3.1376  3.1566  3.1737
 149  1.041597  3.8044  4.0111  0.6155  4.0139  3.4010  3.1508  3.1175  3.1358  3.1528
 150  1.043033  3.8037  4.0015  0.6229  3.9993  3.3839  3.1315  3.0971  3.1149  3.1316
 151  1.044463  3.8029  3.9915  0.6303  3.9855  3.3669  3.1119  3.0764  3.0936  3.1099
 152  1.045886  3.8020  3.9809  0.6378  3.9725  3.3502  3.0923  3.0554  3.0718  3.0878
 153  1.047305  3.8009  3.9697  0.6452  3.9606  3.3339  3.0725  3.0340  3.0495  3.0651
 154  1.048718  3.7996  3.9578  0.6526  3.9501  3.3182  3.0526  3.0122  3.0267  3.0418
 155  1.050121  3.7980  3.9448  0.6600  3.9422  3.3034  3.0326  2.9900  3.0031  3.0176
 156  1.051546  3.7965  3.9315  0.6674  3.9343  3.2887  3.0126  2.9675  2.9794  2.9932
 157  1.052966  3.7944  3.9167  0.6746  3.9300  3.2754  2.9926  2.9448  2.9548  2.9678
 158  1.054420  3.7921  3.9010  0.6817  3.9283  3.2631  2.9729  2.9216  2.9298  2.9417
 159  1.055922  3.7894  3.8840  0.6886  3.9302  3.2525  2.9536  2.8985  2.9042  2.9151
 160  1.057520  3.7863  3.8657  0.6951  3.9371  3.2444  2.9354  2.8757  2.8787  2.8882
 161  1.059101  3.7824  3.8455  0.7000  3.9545  3.2427  2.9207  2.8551  2.8546  2.8624
 162  1.060111  3.7788  3.8294  0.7026  3.9731  3.2458  2.9125  2.8418  2.8381  2.8445
 163  1.061102  3.7751  3.8138  0.7037  3.9980  3.2537  2.9083  2.8321  2.8250  2.8297
 164  1.062070  3.7711  3.7985  0.7033  4.0303  3.2665  2.9081  2.8258  2.8149  2.8179
 165  1.062998  3.7668  3.7834  0.7013  4.0717  3.2847  2.9117  2.8229  2.8080  2.8090
 166  1.063870  3.7620  3.7682  0.6977  4.1256  3.3088  2.9186  2.8227  2.8032  2.8021
 167  1.064699  3.7572  3.7543  0.6927  4.1869  3.3370  2.9290  2.8260  2.8019  2.7984
 168  1.065503  3.7523  3.7409  0.6870  4.2536  3.3682  2.9419  2.8315  2.8025  2.7968
 169  1.066321  3.7471  3.7258  0.6818  4.3225  3.4000  2.9546  2.8365  2.8023  2.7941
 170  1.067169  3.7419  3.7082  0.6791  4.3865  3.4269  2.9627  2.8365  2.7968  2.7862
 171  1.068008  3.7372  3.6888  0.6798  4.4386  3.4444  2.9628  2.8292  2.7844  2.7714
 172  1.068839  3.7329  3.6680  0.6837  4.4786  3.4527  2.9551  2.8148  2.7653  2.7501
 173  1.069629  3.7293  3.6466  0.6910  4.5030  3.4499  2.9388  2.7929  2.7394  2.7223
 174  1.070310  3.7267  3.6264  0.7011  4.5098  3.4365  2.9157  2.7655  2.7091  2.6908
 175  1.070890  3.7249  3.6084  0.7122  4.5043  3.4168  2.8894  2.7364  2.6779  2.6587
 176  1.071404  3.7235  3.5917  0.7236  4.4944  3.3953  2.8624  2.7072  2.6471  2.6270
 177  1.071877  3.7224  3.5761  0.7351  4.4795  3.3718  2.8349  2.6779  2.6165  2.5959
 178  1.072326  3.7216  3.5614  0.7466  4.4621  3.3473  2.8073  2.6489  2.5865  2.5654
 179  1.072761  3.7208  3.5469  0.7579  4.4454  3.3234  2.7801  2.6203  2.5568  2.5354
 180  1.073187  3.7200  3.5329  0.7693  4.4260  3.2984  2.7524  2.5915  2.5272  2.5053
 181  1.073603  3.7193  3.5188  0.7807  4.4068  3.2735  2.7248  2.5627  2.4976  2.4753
 182  1.074121  3.7186  3.5012  0.7953  4.3805  3.2408  2.6893  2.5259  2.4598  2.4371
 183  1.074637  3.7178  3.4836  0.8101  4.3530  3.2075  2.6532  2.4886  2.4215  2.3984
 184  1.075153  3.7171  3.4659  0.8252  4.3241  3.1734  2.6166  2.4507  2.3829  2.3594
 185  1.075668  3.7164  3.4483  0.8404  4.2943  3.1388  2.5795  2.4125  2.3438  2.3200
 186  1.076182  3.7158  3.4307  0.8556  4.2636  3.1036  2.5420  2.3740  2.3046  2.2804
 187  1.076697  3.7152  3.4131  0.8712  4.2319  3.0677  2.5041  2.3351  2.2650  2.2405
 188  1.077210  3.7147  3.3955  0.8868  4.1995  3.0315  2.4659  2.2959  2.2250  2.2003
 189  1.077723  3.7142  3.3778  0.9026  4.1663  2.9946  2.4271  2.2563  2.1847  2.1598
 190  1.078234  3.7137  3.3599  0.9187  4.1322  2.9570  2.3877  2.2160  2.1437  2.1185
 191  1.078743  3.7132  3.3416  0.9351  4.0973  2.9187  2.3475  2.1749  2.1020  2.0765
 192  1.079245  3.7126  3.3227  0.9522  4.0606  2.8785  2.3054  2.1319  2.0585  2.0327
 193  1.079736  3.7121  3.3027  0.9703  4.0218  2.8360  2.2610  2.0865  2.0123  1.9863
 194  1.080223  3.7116  3.2822  0.9888  3.9820  2.7926  2.2155  2.0400  1.9653  1.9389
 195  1.080701  3.7110  3.2609  1.0080  3.9408  2.7474  2.1683  1.9918  1.9163  1.8897
 196  1.081162  3.7104  3.2381  1.0286  3.8972  2.6995  2.1180  1.9404  1.8641  1.8372
 197  1.081615  3.7098  3.2148  1.0497  3.8516  2.6498  2.0661  1.8874  1.8104  1.7831
 198  1.082043  3.7091  3.1896  1.0724  3.8035  2.5969  2.0105  1.8306  1.7526  1.7251
 199  1.082464  3.7084  3.1637  1.0955  3.7546  2.5429  1.9537  1.7725  1.6937  1.6658
 200  1.082867  3.7076  3.1367  1.1196  3.7041  2.4870  1.8948  1.7122  1.6323  1.6040
 201  1.083260  3.7068  3.1089  1.1442  3.6526  2.4299  1.8346  1.6504  1.5695  1.5408
 202  1.083642  3.7060  3.0805  1.1694  3.6002  2.3718  1.7732  1.5874  1.5054  1.4762
 203  1.084012  3.7051  3.0515  1.1951  3.5472  2.3126  1.7105  1.5231  1.4399  1.4103
 204  1.084368  3.7041  3.0216  1.2214  3.4936  2.2522  1.6464  1.4572  1.3729  1.3428
 205  1.084712  3.7031  2.9908  1.2481  3.4400  2.1912  1.5813  1.3902  1.3045  1.2740
 206  1.085045  3.7020  2.9594  1.2754  3.3866  2.1295  1.5153  1.3222  1.2351  1.2040
 207  1.085365  3.7009  2.9273  1.3030  3.3332  2.0673  1.4484  1.2531  1.1645  1.1327
 208  1.085673  3.6997  2.8945  1.3311  3.2795  2.0043  1.3806  1.1831  1.0928  1.0605
 209  1.085967  3.6984  2.8611  1.3596  3.2257  1.9406  1.3119  1.1120  1.0201  0.9870
 210  1.086250  3.6971  2.8271  1.3885  3.1720  1.8765  1.2424  1.0400  0.9465  0.9127
 211  1.086521  3.6957  2.7922  1.4176  3.1202  1.8127  1.1726  0.9675  0.8719  0.8374
 212  1.086778  3.6944  2.7576  1.4472  3.0651  1.7467  1.1015  0.8939  0.7967  0.7615
 213  1.087025  3.6929  2.7222  1.4770  3.0120  1.6813  1.0300  0.8199  0.7207  0.6847
 214  1.087259  3.6913  2.6856  1.5071  2.9620  1.6167  0.9585  0.7451  0.6438  0.6068
 215  1.087482  3.6898  2.6494  1.5375  2.9099  1.5507  0.8860  0.6698  0.5664  0.5287
 216  1.087684  3.6882  2.6114  1.5690  2.8577  1.4828  0.8109  0.5915  0.4859  0.4472
 217  1.087715  3.6879  2.6053  1.5741  2.8498  1.4722  0.7991  0.5792  0.4732  0.4343
 218  1.087744  3.6877  2.5992  1.5791  2.8420  1.4615  0.7872  0.5666  0.4603  0.4213
 219  1.087775  3.6874  2.5931  1.5842  2.8339  1.4506  0.7751  0.5540  0.4474  0.4081
 220  1.087806  3.6871  2.5869  1.5893  2.8260  1.4398  0.7630  0.5414  0.4343  0.3950
 221  1.087836  3.6868  2.5807  1.5945  2.8180  1.4289  0.7508  0.5287  0.4212  0.3817
 222  1.087867  3.6866  2.5745  1.5996  2.8101  1.4180  0.7387  0.5159  0.4080  0.3684
 223  1.087897  3.6863  2.5682  1.6048  2.8021  1.4070  0.7264  0.5030  0.3948  0.3550
 224  1.087928  3.6860  2.5620  1.6100  2.7942  1.3960  0.7141  0.4901  0.3815  0.3416
 225  1.087957  3.6858  2.5557  1.6152  2.7863  1.3851  0.7019  0.4773  0.3683  0.3282
 226  1.087987  3.6855  2.5495  1.6202  2.7785  1.3744  0.6899  0.4647  0.3554  0.3151
 227  1.088262  3.6831  2.4943  1.6658  2.7098  1.2775  0.5814  0.3515  0.2389  0.1972
 228  1.088514  3.6808  2.4441  1.7072  2.6494  1.1901  0.4829  0.2488  0.1331  0.0902
 229  1.088753  3.6790  2.4053  1.7391  2.6031  1.1219  0.4061  0.1688  0.0509  0.0070
 230  1.088979  3.6789  2.3990  1.7449  2.5905  1.1056  0.3894  0.1526  0.0350 -0.0089
 231  1.089224  3.6778  2.3725  1.7672  2.5567  1.0561  0.3344  0.0960 -0.0228 -0.0673
 232  1.089463  3.6748  2.3095  1.8180  2.4931  0.9530  0.2151 -0.0294 -0.1523 -0.1986
 233  1.089677  3.6720  2.2531  1.8634  2.4358  0.8612  0.1089 -0.1411 -0.2678 -0.3156
 234  1.089868  3.6697  2.2080  1.8997  2.3915  0.7887  0.0243 -0.2299 -0.3597 -0.4089
 235  1.090047  3.6691  2.1918  1.9132  2.3761  0.7622 -0.0069 -0.2623 -0.3929 -0.4426
 236  1.090235  3.6695  2.1964  1.9101  2.3836  0.7703  0.0016 -0.2529 -0.3833 -0.4327
 237  1.090426  3.6662  2.1304  1.9631  2.3187  0.6645 -0.1218 -0.3829 -0.5177 -0.5691
 238  1.090596  3.6628  2.0643  2.0157  2.2583  0.5614 -0.2432 -0.5113 -0.6509 -0.7043
 239  1.090747  3.6594  1.9999  2.0667  2.2025  0.4630 -0.3605 -0.6353 -0.7798 -0.8351
 240  1.090881  3.6561  1.9369  2.1165  2.1503  0.3685 -0.4739 -0.7557 -0.9052 -0.9626
 241  1.091002  3.6526  1.8718  2.1674  2.1001  0.2737 -0.5890 -0.8783 -1.0332 -1.0928
 242  1.091109  3.6490  1.8068  2.2183  2.0518  0.1803 -0.7030 -1.0006 -1.1610 -1.2228
 243  1.091205  3.6457  1.7481  2.2637  2.0142  0.0993 -0.8035 -1.1089 -1.2747 -1.3386
 244  1.091290  3.6425  1.6919  2.3073  1.9800  0.0229 -0.8990 -1.2123 -1.3833 -1.4493
 245  1.091368  3.6393  1.6362  2.3504  1.9473 -0.0517 -0.9931 -1.3142 -1.4906 -1.5585
 246  1.091438  3.6362  1.5819  2.3921  1.9172 -0.1229 -1.0835 -1.4126 -1.5944 -1.6642
 247  1.091501  3.6330  1.5282  2.4333  1.8890 -0.1914 -1.1715 -1.5092 -1.6964 -1.7683
 248  1.091561  3.6300  1.4753  2.4737  1.8622 -0.2578 -1.2572 -1.6038 -1.7967 -1.8704
 249  1.091613  3.6269  1.4242  2.5128  1.8372 -0.3207 -1.3389 -1.6948 -1.8934 -1.9691
 250  1.091662  3.6239  1.3734  2.5512  1.8144 -0.3808 -1.4180 -1.7840 -1.9885 -2.0661
 251  1.091707  3.6208  1.3236  2.5888  1.7930 -0.4385 -1.4945 -1.8710 -2.0814 -2.1608
 252  1.091748  3.6178  1.2752  2.6254  1.7724 -0.4937 -1.5678 -1.9555 -2.1718 -2.2530
 253  1.091786  3.6148  1.2273  2.6614  1.7525 -0.5479 -1.6396 -2.0389 -2.2611 -2.3438
 254  1.091821  3.6120  1.1806  2.6965  1.7332 -0.5994 -1.7080 -2.1197 -2.3480 -2.4323
 255  1.091853  3.6091  1.1350  2.7308  1.7145 -0.6478 -1.7731 -2.1983 -2.4328 -2.5187
 256  1.091882  3.6063  1.0901  2.7644  1.6967 -0.6934 -1.8350 -2.2747 -2.5157 -2.6033
 257  1.091910  3.6035  1.0464  2.7970  1.6796 -0.7355 -1.8927 -2.3484 -2.5961 -2.6855
 258  1.091936  3.6007  1.0033  2.8291  1.6626 -0.7750 -1.9474 -2.4204 -2.6754 -2.7664
 259  1.091959  3.5981  0.9612  2.8605  1.6452 -0.8125 -1.9979 -2.4910 -2.7531 -2.8457
 260  1.091982  3.5954  0.9199  2.8912  1.6275 -0.8472 -2.0448 -2.5597 -2.8293 -2.9235
 261  1.092002  3.5927  0.8795  2.9210  1.6103 -0.8784 -2.0868 -2.6264 -2.9037 -2.9995
 262  1.092021  3.5902  0.8398  2.9503  1.5926 -0.9066 -2.1253 -2.6911 -2.9767 -3.0742
 263  1.092040  3.5876  0.8008  2.9790  1.5746 -0.9316 -2.1596 -2.7539 -3.0481 -3.1474
 264  1.092056  3.5850  0.7628  3.0070  1.5562 -0.9539 -2.1908 -2.8143 -3.1175 -3.2187
 265  1.092073  3.5826  0.7255  3.0344  1.5373 -0.9728 -2.2182 -2.8724 -3.1849 -3.2885
 266  1.092087  3.5802  0.6888  3.0614  1.5179 -0.9883 -2.2415 -2.9285 -3.2512 -3.3572
 267  1.092101  3.5778  0.6529  3.0876  1.4981 -0.9986 -2.2579 -2.9814 -3.3151 -3.4241
 268  1.092114  3.5755  0.6181  3.1132  1.4778 -1.0018 -2.2645 -3.0305 -3.3769 -3.4895
 269  1.092127  3.5732  0.5838  3.1384  1.4567 -1.0018 -2.2673 -3.0777 -3.4374 -3.5539
 270  1.092139  3.5709  0.5501  3.1630  1.4341 -0.9987 -2.2667 -3.1216 -3.4959 -3.6169
 271  1.092150  3.5687  0.5172  3.1870  1.4116 -0.9929 -2.2629 -3.1631 -3.5523 -3.6781
 272  1.092161  3.5665  0.4851  3.2103  1.3892 -0.9841 -2.2560 -3.2020 -3.6068 -3.7376
 273  1.092170  3.5644  0.4534  3.2334  1.3666 -0.9730 -2.2467 -3.2390 -3.6598 -3.7960
 274  1.092180  3.5622  0.4225  3.2559  1.3451 -0.9587 -2.2346 -3.2732 -3.7107 -3.8524
 275  1.092189  3.5601  0.3922  3.2777  1.3242 -0.9415 -2.2204 -3.3054 -3.7597 -3.9073
 276  1.092198  3.5580  0.3624  3.2991  1.3042 -0.9206 -2.2029 -3.3347 -3.8067 -3.9605
 277  1.092206  3.5558  0.3330  3.3199  1.2859 -0.8928 -2.1790 -3.3596 -3.8506 -4.0112
 278  1.092214  3.5539  0.3053  3.3397  1.2694 -0.8647 -2.1604 -3.3805 -3.8898 -4.0581
 279  1.092227  3.5522  0.2812  3.3570  1.2554 -0.8396 -2.1451 -3.3978 -3.9233 -4.0985
